 http://polarmet.osu.edu/NAO/Azores_mslp.txt
 MONTHLY PRESSURE ANOMALIES FOR PONTA DELGADA, AZORES

      JAN    FEB    MAR    APR    MAY    JUN    JUL    AUG    SEP    OCT    NOV    DEC 
1874    2.5    0.2    2.3    0.0   -2.5    1.8   -0.7    0.7    1.3    1.2   -1.1    5.4
1875   -4.0   -1.9   -3.4   -4.8   -1.6    3.0    0.2   -2.9   -2.7    0.5   -4.2   -4.8
1876    0.9   -3.9    1.7    2.6    2.3    2.9   -1.3   -0.1   -4.0   -5.9  -13.1   -9.5
1877   -0.6    3.9   -0.5   -7.5   -5.3   -2.1    1.3   -6.6   -4.0   -2.3    2.1    5.3
1878    5.9   -2.7    4.1  -10.2   -5.5   -2.3    0.1   -5.0    0.4   -3.6   -4.3  -13.6
1879   -1.3    2.1    4.2    0.0    2.0   -4.3    0.3   -1.7    2.0    1.1   -9.4   -7.1
1880   -7.1   -3.0   -2.3    0.9   -2.0    0.3   -4.1   -1.5   -2.1  -11.7    1.7   -3.8
1881  -20.2   -0.9  -12.3   -5.4    1.2    0.9    0.9   -1.0   -4.1   -0.1   -2.5    4.4
1882    2.2    0.4    9.0   -0.3   -3.2    2.0    0.3    1.6    2.6   -1.0    4.4   -2.0
1883   -2.0    2.5   -4.0    0.0    2.9   -4.2   -2.6    1.0   -0.7    3.6    1.7    1.3
1884    0.6   -2.7    0.1   -6.8   -0.1   -0.1   -3.4   -2.0    1.0    3.7   -2.3    2.3
1885   -3.5   -9.7    5.1    2.4   -3.0    0.7    0.1   -4.4    2.0    3.2   -5.9   -4.2
1886    3.8    0.3   -5.2   -4.5   -1.0   -1.2    0.4    1.1   -2.0    0.8    2.5   -0.8
1887    0.7    1.3   -8.5   -7.8    0.3   -4.1   -1.0   -2.6    0.8   -7.3   -1.4   -8.3
1888   -2.3   -4.6   -3.7    1.8   -2.9   -2.4   -0.9    0.6   -6.1   -5.8    2.5   -0.9
1889    5.8    7.2    0.7    5.3   -3.0    0.5   -2.3    1.2   -0.4    3.3    3.3    6.9
1890    2.6   -2.1    3.8    3.4   -2.4    2.9    1.8    1.1    0.8    1.9    5.2   -2.3
1891    3.1   -1.6   -3.6   -3.4   -0.7   -5.3   -4.6    1.0    1.0   -2.2   -0.4    1.7
1892    2.9   -4.3   -5.3   -1.1   -2.8   -1.7    0.4    0.7    1.1   -4.9    1.2   -3.4
1893   -5.0   -0.1   -5.6   -2.9   -5.1   -6.1    1.0   -4.0    1.6   -0.7   -4.0    3.4
1894    0.7    5.6   -0.1    2.3   -0.2    1.2    1.1    0.5   -4.5   -7.6    0.8    2.2
1895   -1.3  -18.5    2.3   -3.8   -0.6   -0.3   -1.7   -0.7   -3.0   -6.6   -5.4   -2.1
1896   -0.1   -0.9    6.9    5.0    1.9   -1.5    0.9    2.2    1.1   -1.8   -4.0    3.0
1897   -0.6    3.1    2.4    3.2   -1.7   -1.9   -3.3    0.5    2.4   -6.0    0.0    0.7
1898    2.3    2.3   -0.9    0.3   -3.0   -4.9   -2.9   -1.5   -4.4   -3.9   -0.5   -1.6
1899   -5.2  -11.8   -6.8    0.6   -1.9    2.1    0.7   -3.0    1.9   -8.4   -0.9   -1.7
1900    6.3   -9.2   -1.2    0.6    1.0   -1.1   -1.7   -0.2    1.6    0.3    5.5    0.0
1901   -1.5   -6.6   -3.3   -0.2   -4.9    0.8   -0.1    1.3   -1.0    5.7   -4.1    3.0
1902    1.0  -11.4    1.6   -5.1    3.5   -4.7   -1.9   -2.4   -3.6    0.3   -3.5    0.7
1903   -2.5    0.4    6.1   -0.4    0.7   -4.9   -0.3    0.8   -0.4   -0.9    2.1    2.3
1904    4.7    2.3   -0.3    6.2   -1.8   -2.0   -3.6   -1.1    1.2   -3.0   -0.5   -3.3
1905    1.7    8.9    1.2   -1.7    2.1   -2.1   -1.6    1.4    1.2   -1.4    3.1   -5.3
1906    3.4    8.4   -0.8    4.4   -4.5   -2.4    1.3   -2.0    1.9    0.3    0.7    7.8
1907    6.3    6.1    9.2    1.9   -5.6    0.7   -1.5   -0.4   -1.4    1.5    3.3    0.6
1908    4.3   11.9    8.9    0.4   -0.6    1.5   -0.1   -1.0   -1.2   -6.6   -0.5    4.2
1909    4.1   -0.1   -3.4   -0.9   -4.3    2.0    2.8    0.8   -1.6    4.2   -6.1   -8.9
1910    7.3    8.5    4.8   -2.2    4.1    1.2   -0.3    0.4   -1.6   -1.7   -1.1   -2.2
1911    4.6    1.6    3.6   -1.3    1.8    1.3   -2.3   -1.4   -1.6    1.7   -0.5   -2.9
1912   -2.9  -15.0    4.8    3.9   -1.3    1.1   -0.7   -0.6   -1.8    2.1    3.5    2.4
1913   -1.5   -1.3    5.5    2.7    1.7    3.7   -0.9    1.4   -1.0   -5.5    5.1    1.9
1914   -2.7    0.7    6.4    0.2    4.5    3.9   -0.4    0.4    0.2   -1.7   -0.9    0.6
1915    4.1    3.1  -10.5    5.0   -4.9   -3.6    0.4   -2.8   -0.8    3.3   -5.7   -5.4
1916    5.4    7.3   -6.1    1.2   -0.5   -2.0   -0.4   -2.7   -0.4    3.9   -1.5  -10.2
1917   -2.6   -2.3    0.0   -5.4   -6.0    2.0   -0.9    0.6    1.2    5.5    6.0    1.9
1918  -14.7    7.9    1.2    0.4   -1.0    1.2   -3.5    1.7    1.9    4.5   -1.7    4.3
1919    2.2  -11.4    4.0    2.2   -4.1    4.8    0.5   -0.3    0.8   -2.6   -1.7    7.2
1920    7.8    4.0    7.7   -4.7    1.3   -0.3    1.9   -1.4    0.4   -2.3    1.2   -5.4
1921    5.7    0.8    6.3   -3.3    5.0   -0.7   -2.3    1.4   -0.8   -5.2   -0.9    7.5
1922    1.7    3.7    4.5    2.2    1.5    2.5    1.7    1.3    4.2   -7.5    0.3    2.7
1923    8.3   -2.0   -1.1    1.9   -1.9    1.6    0.8   -0.3    2.3   -1.0    3.2    6.3
1924   -1.0   -0.8  -14.4   -4.1   -0.7    2.0   -0.8    1.7    0.2   -0.1    2.3    2.4
1925    1.4    8.1   -0.8    3.1    0.6    1.1    2.3    0.5   -0.4   -4.3   -2.8  -12.6
1926   -1.0   -2.5    0.9   -0.4   -3.1   -3.3   -1.7   -0.3   -4.2   -2.9    5.1    0.0
1927    7.9    0.4    3.9    1.2   -4.6    0.7   -1.9   -0.7    1.0   -7.2    1.2   -8.3
1928    9.4    3.7   -3.6   -3.0   -5.3   -5.6   -1.5   -2.2   -2.9    5.3    3.9    3.6
1929   -9.9   -2.5   -5.7   -4.9    4.1   -1.7    0.1    0.5    0.0    4.2    1.9    2.2
1930    1.9    1.1   -2.8   -0.5    2.9    1.1   -2.3   -1.1   -2.4   -0.1    1.6    5.4
1931    3.3    9.2  -14.4    0.6   -0.9   -2.7    1.5   -1.9   -0.5   -4.2   -0.5    1.6
1932    1.5   -7.0   -4.0    4.7   -1.1   -1.3    1.5    0.5   -0.1    5.5   -0.5   -2.9
1933    0.5   -4.0    0.4   -3.2    0.2    2.9    2.1    0.0   -0.6   -4.3    2.9    2.0
1934    5.3    5.2    7.1   -5.0    1.9   -2.7   -0.3    2.0    0.8    1.5   -2.1   -5.7
1935    4.2    6.1    0.9   -2.8   -1.0    0.1    2.0    2.1    0.7    7.4    2.0   -2.1
1936   -9.4   -9.2   -5.2   -1.3    1.3    0.1    1.1    2.0   -3.7    5.3    5.7    2.7
1937   -3.5   -3.2   -2.5   -1.0    0.1   -3.3   -2.9   -0.7   -0.5   -1.5   -9.4   -0.2
1938    6.5   -2.5    4.4   -5.8    3.0    0.7    1.5    2.5    2.0    4.2    1.5    0.6
1939   -4.7    4.7    2.9   -2.0   -0.5   -0.1   -0.1    0.2   -5.3    0.5    4.3   -3.2
1940   -6.0   -8.8   -5.6   -1.4   -3.9    1.3    1.9    0.4   -0.1   -1.5    4.0    1.9
1941   -5.2   -3.3    1.3   -2.3    1.3   -0.3    0.1    1.0   -2.6   -0.1   -4.2    3.0
1942    7.5   -6.6  -10.3   -2.6   -1.7   -2.9    1.1    1.8    1.4    1.3   -3.7   -1.9
1943   -4.0   11.4   -1.0    3.7    0.1    1.9   -0.3   -0.2    3.6   -1.6    7.4    4.1
1944    2.1    3.8   -6.9   -3.5    0.4   -0.7   -3.8    1.2    1.6    4.5    0.5    4.4
1945    0.7    6.1    1.9   -9.2   -3.3    0.3   -0.1    1.9   -0.8   -4.4  -10.2   -6.6
1946    3.6    2.2    0.5    5.2   -4.0    3.4    1.0    2.6    1.3   -7.2   -0.9    4.9
1947   -2.9   -9.9   -9.8    4.8   -2.0   -1.7   -1.7   -0.9    3.0    0.3   -2.5   -3.1
1948   -0.3   -3.0    3.0    4.0   -1.2    0.9   -1.3   -0.1    0.1    2.7   -6.8   -2.7
1949    4.1    2.2    1.3    2.6    0.9   -1.3   -0.5   -2.5   -1.2   -0.7    2.7    0.9
1950   -0.7    3.4   -0.9    1.8   -3.6   -2.4   -1.9   -0.5    3.0    1.3   -2.6    2.0
1951    4.5    4.7   -5.5   -3.8   -2.7   -4.5   -1.7    2.4   -1.2    1.3    0.1    2.8
1952   10.5   -3.3   -9.5    2.2   -3.7   -0.5    1.3   -0.6   -0.2   -2.7   -2.9    1.8
1953   -4.5    3.7    2.5   -5.8   -2.7    2.5    2.3    1.4    0.8    0.3    0.1   -0.2
1954    5.5    5.7    0.5    3.2   -2.7    2.5    3.3    0.4    4.8   -0.7    0.1    3.8
1955   -6.5   -6.3   -6.5   -0.8    0.3   -0.5    0.3   -0.6    3.8   -1.7   -7.9   -1.2
1956   -0.5   -5.3    0.5   -2.8    6.3    3.5   -0.7    0.4   -1.2    0.3    3.1    3.8
1957    4.5   -3.3   -9.5    3.2    2.3   -3.5   -0.7    1.4   -1.2    0.3   -3.9    4.8
1958   -2.5   -8.3   -7.5    3.2    1.3   -1.5   -1.7   -0.6   -3.2    2.3    4.1   -1.2
1959   -5.5    4.7   -0.5    1.2   -0.7    1.5    1.3   -1.6   -2.2    0.3    3.1    3.8
1960   -4.5  -13.3   -3.5    1.2   -1.7    1.5    2.3   -2.6    1.8   -4.7    0.1    6.8
1961    4.5   -0.3   -1.5   -4.8   -3.7    3.5    1.5    0.4    0.8    3.3   -1.9  -11.3
1962    5.5    7.7   -9.5    1.2    1.3   -1.5   -0.7    2.4   -1.2   -0.7    1.1   -3.2
1963  -12.5   -2.3   -0.5   -3.8    7.3   -2.5   -2.7    2.4    2.8    0.3   -3.9   -5.2
1964   -5.5   -7.3   -7.5    4.2    0.3   -1.5    0.3   -1.6   -0.2    3.3    1.1    0.8
1965   -0.5   -8.3   -1.5    7.2    0.3    0.5    1.3    0.4    0.8   -2.7    1.1    2.8
1966  -12.5  -11.3    2.5   -4.8    3.3    0.5    2.3   -1.6   -1.2   -5.7    4.1    4.8
1967   -1.5    1.7    6.5    1.2    0.3    2.5   -0.7    0.4   -0.2    3.3    3.1    0.8
1968    4.5   -6.3    5.5   -3.8    2.3   -0.5   -0.7    0.4   -0.2   -5.7   -5.9   -1.2
1969  -10.5  -11.3   -9.5    5.2   -0.7   -1.5    0.3   -0.6    3.8   -1.7   -0.9    6.8
1970  -14.5    7.7   -1.5    3.2    1.3    1.5   -0.7   -0.6    0.8    0.3    1.1   -0.2
1971   -4.7    2.4    3.7   -4.9    2.3    1.1   -0.8    2.9   -2.7   -1.4    7.2    1.9
1972    0.3    1.2    0.9    3.8    5.6    3.6   -1.7    0.8   -3.5   -3.3    3.8    0.9
1973    1.2   10.8    1.0   -5.1   -1.3    2.2    1.8    1.4    0.5    0.0   -0.1    3.4
1974    0.5    3.6    0.3    0.8   -1.5   -3.1    1.8    1.2    2.3    3.5    1.4    4.1
1975    2.9   -4.5    0.1    3.3    1.3   -0.2   -1.9    0.1    3.4   -1.0    3.3    0.0
1976    4.3    0.6    3.2    2.6    2.4   -0.5   -3.5   -4.9   -4.6    1.2    3.1   -4.3
1977   -1.9   -3.5   -2.7    2.9    2.4   -0.9    2.4    2.1   -0.7    0.0   -2.6   -6.5
1978    7.9  -13.6    6.9   -1.6    1.6    2.6   -1.5   -1.9    1.0   -1.3    4.0   -9.5
1979   -6.5   -6.2    4.0    0.1    1.4   -0.1    1.1    1.1    0.5   -0.7    2.3    2.1
1980   -2.7    1.8    0.4   -2.7   -2.2    3.8   -0.2   -2.3    3.6   -1.2   -4.9    6.2
1981    9.3    3.1   -8.7    1.5   -1.5   -1.5    2.7    0.8   -1.1    3.5   -2.1   -2.9
1982   -2.8   -0.1    5.6   -3.0    2.1   -3.3   -0.5    3.8   -0.5    1.1    3.4    6.9
1983    7.1   -0.8    5.1   -1.8   -0.7   -2.4   -0.9    3.2   -2.3    4.0  -10.7   -0.4
1984   13.1    5.0   -3.7   -6.7    3.0    2.3   -1.6    1.7    1.1    2.1   -1.8    2.6
1985   -5.8   -6.7    4.0   -0.3   -1.5   -3.3    0.3    1.2   -2.1    0.8   -4.7   -1.0
1986   11.7   -4.1    7.9    0.6    1.3    1.0    0.8   -2.8   -3.5    4.7    5.8    3.1
1987  -10.7   -3.0   -1.2   -2.2   -2.4    1.0    0.6   -2.5   -3.2    1.2    1.4   -8.6
1988    4.3    3.6   -0.5   -3.9   -2.4    1.2   -0.2   -0.6    1.3   -2.4   -6.4    1.0
1989    6.9    8.5    4.6    2.5   -2.6   -2.5    0.0    0.0   -2.7    0.6   -2.0  -13.1
1990    6.3    2.0    4.8    5.6   -2.0    1.8   -0.4    0.2   -1.0   -0.3   -3.1    2.5
1991    1.0    2.9   -2.0    1.8    5.0    1.0   -1.3   -0.8    0.2   -0.4    1.6   -0.8
1992   -6.1    4.2    8.6    2.9   -0.7    0.2   -0.3    1.0    0.1   -0.1    1.2    1.1
1993    1.1    4.8   -0.8    2.5   -6.7   -0.4    1.4    0.8    0.7   -2.9    3.4    8.7
1994    9.1   -2.4    9.6    1.8   -1.2    0.7   -0.6   -0.4    2.2   -2.7   -3.1    1.6
1995    4.0    4.9    3.9   -0.7   -1.4   -3.2   -3.3   -1.5    2.2   -4.1   -4.8   -9.4
1996   -8.1    6.0   -7.6   -4.1   -3.0    1.3    1.6    0.4    1.8    1.4    7.1   -8.2
1997   -6.7    8.5    1.8   -3.9   -2.4   -4.5    2.2   -0.1   -1.2   -5.4   -2.5   -4.1
1998   -1.2   -1.1    3.0    3.7    0.3    1.3    1.6    0.6   -0.6    3.8    1.9    2.5
1999    4.6   10.1    1.3   -1.2   -1.9    1.8   -2.3   -8.1   -1.7    1.3    3.1    4.5
2000    4.3    9.7    2.5   -4.0    0.7    0.8   -2.4    1.8   -0.1    5.6    0.2   -6.3
2001    1.3    1.4   -6.9    5.4   -2.3   -1.5    1.6   -0.6   -3.5    0.1    5.3   -9.5
2002    1.3    4.8    1.6    2.9    2.9    2.4    2.0    1.0   -6.2   -3.2    1.8   -6.2
2003    6.1    2.0   -0.7   -4.6    0.3   -2.6   -0.4   -2.3   -2.0    3.5    0.2   -3.3
2004   -3.4   -4.4    4.6    1.3    1.5   -1.9   -1.1   -1.0    3.1   -4.3    1.5    6.3
2005    5.2    3.3   -9.9   -0.1   -0.8   -3.1    0.1    2.0    1.6	-9999.0	-9999.0	-9999.0
