https://climatedataguide.ucar.edu/sites/default/files/nao_pc_monthly.txt
Hurrell PC-Based North Atlantic Oscillation Index (Monthly)
1899  -0.07  -0.73  -1.06  -0.41  -0.60   0.15   0.21  -0.60   0.49   0.21   0.63  -1.11
1900   0.31  -2.57  -1.36   0.53   0.04  -0.24  -0.39  -0.20   0.72   0.17   0.12   0.77
1901   0.25  -2.08  -0.44   0.30  -0.49   0.41  -0.05   0.14  -0.09   0.34  -0.90  -0.43
1902   0.25  -2.40  -0.19  -0.83   0.07  -1.31  -0.58  -0.65  -0.56   0.22  -0.22   0.37
1903   0.21   2.20   2.19  -0.53   0.25  -1.30  -0.49  -0.08  -0.30  -0.56   0.65  -0.22
1904   0.86   0.07   0.08   1.63   0.49  -0.09  -0.21  -0.35  -0.08   0.44  -0.25  -0.17
1905   0.86   1.13   1.14  -0.88   0.62  -0.05   0.07  -0.13   0.10  -0.77   0.01   0.90
1906   1.01   0.65   0.32   0.86  -0.95  -0.56   0.35  -0.62   0.01   0.55  -0.94   0.38
1907   0.60   1.05   1.72  -0.02  -1.07  -0.17  -1.11  -0.03   0.09  -0.23   0.50  -0.14
1908   0.73   0.72   0.75  -0.56   0.42   0.15  -0.21  -0.14   0.19  -0.17   0.01   0.35
1909   0.56  -0.35  -2.33   0.21  -1.17  -0.47   0.59   0.47  -0.53  -0.03  -0.64  -1.65
1910   1.02   1.50   0.91  -0.44   0.09  -0.37  -0.45  -0.66  -0.07  -0.10  -2.38  -0.39
1911   0.81   0.90   0.37   0.17   0.89  -0.03  -0.31  -0.19   0.26  -0.26   0.46   0.44
1912  -0.84  -1.58   0.93   0.78   0.59  -0.31  -0.43  -0.58  -0.83   0.31   0.66   1.60
1913   0.50   0.73   2.86   0.82   0.18   0.71  -0.17   0.14  -0.46  -0.48   1.66   0.51
1914  -0.23   1.05   0.25   1.41   1.47   0.79  -0.34   0.05  -0.11   0.14   0.34   0.76
1915  -0.61  -0.35  -2.23   1.31  -0.86  -0.78  -0.35  -0.69  -1.06  -0.57  -1.83  -1.65
1916   1.76   1.02  -2.01  -0.21  -0.57  -0.53   0.28  -0.07  -0.33   1.01  -0.10  -2.25
1917  -1.49   0.00  -0.51  -1.09  -1.10   0.34  -0.36  -0.21   0.92   0.51   0.75  -0.70
1918  -2.19   2.02   0.50  -0.33   0.46   0.64  -0.99   0.10   0.25   0.35  -0.02   0.08
1919  -0.64  -2.17  -0.48   0.49  -0.19   1.10  -0.04   0.69   0.48  -0.75  -1.17   1.05
1920   1.27   1.18   2.52  -1.05   0.51  -0.05   0.97   0.14  -0.01  -0.67   1.08  -1.08
1921   0.89   0.34   2.34   0.12   0.67   0.22   0.02   0.20   0.09   0.24  -0.52   1.26
1922  -0.44   1.36   0.29  -0.44   0.69   1.11   0.34   0.19   0.04  -1.37  -0.05   0.88
1923   0.75  -0.10   0.11  -0.09  -0.12   0.52   0.53  -0.21   0.57   0.96  -0.14   0.43
1924   0.43  -0.75  -2.40  -1.04  -0.06  -0.20   0.38   0.25   0.43   0.04   0.31   1.53
1925   1.49   1.17  -0.38   0.74   0.08   0.38   0.04   0.17   0.25  -0.42  -0.87  -1.30
1926   0.07  -0.02   0.37   0.36  -0.94  -0.59   0.17  -0.00   0.13  -1.17   0.50  -0.32
1927   1.10   0.29   0.83   0.48  -0.42   0.04   0.01  -0.06  -0.59  -0.75   0.37  -2.08
1928   2.12   1.77  -0.68   0.14  -0.89  -0.63   0.61  -0.26  -0.02   0.49   0.49   0.43
1929  -2.26  -0.53   0.27  -0.74   0.42  -0.23   0.11   0.01   0.46   0.88   0.42   1.39
1930   1.18  -0.16  -0.42  -0.64   0.43   0.56  -0.29  -0.40  -1.30   0.09   0.91   0.36
1931  -0.43   0.22  -2.45   0.26  -0.34  -0.38   0.07  -0.39  -0.51  -0.01   0.82   0.46
1932   1.28  -1.26  -1.38  -0.17  -0.58  -0.47  -0.31   0.30   0.15   0.25   0.62   1.05
1933   0.77  -1.44  -0.34  -0.66  -0.31   0.05   0.41   0.66  -0.56  -0.62  -0.13  -0.20
1934   1.58   1.26   0.96  -0.68   1.11  -0.68  -0.24   0.21   0.05   0.35   0.01  -0.93
1935  -0.06   1.73  -0.25  -1.17  -0.82   0.05   0.79   0.18  -0.36   1.31   0.41  -1.54
1936  -2.01  -2.27  -1.08  -0.10   0.03   0.25  -0.16   0.45  -0.48   1.02   0.98   1.66
1937   0.63  -0.53  -1.95  -0.05   0.53   0.54  -0.15   0.42   0.50  -0.06  -0.98  -1.24
1938   0.91   0.21   1.70   0.44   0.12   0.89   0.47   0.28   0.44   1.37   1.16  -0.39
1939  -1.36   1.55   0.11  -0.05   0.05  -0.13  -0.31   0.00  -1.10  -0.44   0.46  -1.15
1940  -3.08  -1.83  -1.65  -0.50  -0.38   0.24  -0.12   0.72   0.27  -0.61   0.71   0.26
1941  -2.37  -1.53  -1.18  -0.58   0.23   0.43   0.50  -0.19  -0.39  -0.18  -0.29   0.50
1942   0.10  -3.07  -1.67  -0.28   0.27  -0.35   0.35   0.37   0.77   0.23  -0.38   0.29
1943  -0.98   2.26   0.82   2.24   0.59   0.03   0.05  -1.17   0.15  -0.16   0.13   1.00
1944   1.46  -0.27  -0.47  -0.31   0.87  -0.12  -0.77   0.35   0.47   0.63  -0.88   0.23
1945  -2.73   1.04   0.71  -0.22  -0.05  -0.29  -0.21   0.26   0.09  -0.17  -1.27  -1.64
1946   0.91  -0.37  -0.07   1.09  -0.69   0.82   0.83   0.08   0.37  -0.63  -0.44   0.27
1947   0.04  -5.08  -1.90   2.40   0.06  -0.12   0.64   0.13   1.10   0.24  -1.96  -1.62
1948  -0.17   0.56   2.21   0.63  -0.20  -0.40  -0.33   0.01   0.16   1.03   0.17  -0.16
1949   1.22   2.45  -0.02   1.28  -0.28  -0.40  -0.19   0.12  -0.41   0.63  -0.24   0.55
1950  -0.09   0.84   0.58   0.52  -0.36   0.56  -0.62  -0.09   0.85   0.42  -0.64  -1.44
1951   0.23   0.14  -2.29  -0.56  -0.68  -0.87   0.46   0.10  -0.38   0.26  -0.17   1.94
1952   0.83  -1.33  -2.43   0.70  -1.20   0.16   0.48   0.02  -0.35  -0.31  -1.17  -1.33
1953  -0.03   0.16   0.60  -1.25  -0.38   0.11   0.51   0.33   0.26   0.84   1.71   1.11
1954  -0.16   0.43  -0.20   0.51  -1.26   0.29   0.27  -0.30   0.39   1.07   0.97   1.08
1955  -2.63  -2.00  -1.55  -0.20   0.10  -0.38   0.71   0.57   0.79  -0.56  -1.95  -0.80
1956  -1.52  -1.91   0.36  -1.00   2.16   0.34  -0.55  -0.41  -0.34   0.99   0.68   1.17
1957   2.01  -1.15  -1.85   0.33  -0.50  -0.62  -0.66   0.42  -0.67   1.87  -0.77   0.62
1958  -0.87  -1.96  -3.14   0.20   0.05  -0.97  -0.54  -0.97  -0.30   0.63   0.36  -1.04
1959  -2.23   2.46   1.14   0.06  -0.20   0.19   0.46  -0.37   0.07   0.46  -0.39  -0.00
1960  -2.39  -2.84  -1.60   0.14  -0.43   0.10  -0.12  -0.84  -0.04  -1.75  -0.29   0.70
1961  -0.09   1.17   0.80  -1.06   0.23   1.48   0.06   0.84   0.74   0.35  -0.52  -2.47
1962   1.88   0.27  -3.86   0.68  -0.12   0.37  -1.07   0.42  -0.09   0.44  -0.52  -0.32
1963  -3.05  -1.72   0.28  -1.11   1.55  -0.52  -0.41  -0.12   0.75   1.17  -0.88  -1.39
1964   0.04  -0.75  -0.98   0.34   0.66   0.40   1.21  -1.05   0.00   0.51  -0.11   0.01
1965  -0.52  -2.02  -0.93   0.69  -0.56   0.47  -0.16   0.22  -0.14   0.22  -1.68  -0.21
1966  -3.76  -2.09  -0.23  -1.50   0.65   0.47   0.39  -0.94   0.11  -1.57   0.22  -0.04
1967  -1.46   1.52   2.29   0.60  -0.32   1.29   0.27   0.38   0.36   1.19   0.73  -0.92
1968  -0.32  -1.55   1.49  -0.29  -0.70   0.31  -0.64  -0.38  -1.21  -1.49  -1.56  -1.44
1969  -3.30  -2.83  -2.19   0.55  -0.40  -0.06   0.46  -0.72   0.53   0.80   0.33  -0.87
1970  -2.57   0.20  -1.19  -0.21   0.63   0.80   0.44  -0.25   0.19  -0.15  -0.26  -1.01
1971  -1.15   0.35  -1.09  -0.97   0.68  -0.89  -0.24   1.05  -0.07   0.51  -0.07   0.53
1972   0.25  -0.11   0.46   0.11   0.60   0.70  -0.13   0.39  -0.56   0.14   0.47   1.57
1973   0.82   1.30   0.87  -1.19  -0.06   0.62   0.22   0.28  -0.06  -0.43  -0.56   0.12
1974   1.72  -0.01   0.11   0.17  -0.65  -0.25   0.56  -0.06   0.53  -0.28  -0.08   1.18
1975   1.34   0.32  -0.29  -0.22  -0.56  -0.25   0.77  -0.11   1.21  -0.38   0.40   0.87
1976   0.48   1.89   1.59   0.11   0.53   0.46  -0.26   0.62  -0.99  -0.46   0.38  -1.43
1977  -2.49  -1.26  -0.11   0.83  -0.21  -0.17  -0.17  -0.78   0.03   0.43   0.97  -0.67
1978   0.70  -3.53   1.43  -1.44   0.27   0.66  -0.50   0.00   0.13   0.88   2.44  -2.37
1979  -2.37  -1.33   0.80  -1.29  -0.02   0.78   0.37   0.10   0.46  -0.67   0.58   1.17
1980  -1.69   0.19  -0.71   0.32  -1.15   0.23  -0.59  -0.71   0.55  -0.66  -1.39   1.04
1981   0.52   0.85  -1.77  -0.07   0.15  -0.34   0.61   0.31  -0.91  -0.56   0.15  -2.17
1982  -1.42   1.10   1.85   0.91  -0.04  -1.15   0.43   0.55   0.57  -0.14   1.95   1.93
1983   2.52  -1.12   0.78  -1.00  -0.37   0.59   0.32   0.95  -0.34   1.40  -1.21   0.58
1984   2.03   0.70  -1.70  -0.36   0.44   0.23   0.15   0.65  -0.02   0.58  -0.38   1.26
1985  -2.69  -1.34  -0.07   0.17  -0.53  -0.47   0.14   0.14  -0.20   0.79  -1.22  -0.95
1986   0.97  -2.82   3.04  -0.63   0.60   0.56   0.14  -0.72  -0.49   2.19   1.61   1.31
1987  -1.54  -1.51  -0.98   0.91   0.31  -0.54  -0.07  -0.81  -0.08   0.09   0.19  -1.29
1988   0.47   0.18  -0.10  -1.41  -0.12   0.37  -0.02   0.42   0.21  -0.20  -0.24   1.27
1989   2.64   3.13   2.10  -0.30   0.91   0.03   0.68   0.70   0.82   0.73  -0.25  -0.85
1990   2.04   3.16   3.06   1.88  -0.18   0.31   0.00   0.45   0.11   0.13  -0.63   1.58
1991   1.35   0.46  -0.83   0.30   0.63  -0.12  -0.21   1.05   0.23  -0.53   0.76   1.49
1992   1.10   1.95   1.72   0.28   0.74  -0.30   0.07   0.66  -0.19  -0.94   1.79   1.20
1993   3.05   1.04   1.18   0.14  -1.52  -0.53  -0.53  -0.20  -0.53  -1.13   1.32   0.85
1994   0.53  -0.67   2.41   0.76  -0.21   1.58   0.55   0.33  -0.50  -0.76   0.47   1.33
1995   0.44   1.89   0.73  -1.05  -0.79  -0.06  -0.04   0.10  -0.20  -0.40  -1.22  -2.42
1996  -1.36  -0.05  -1.21  -0.94  -0.50   0.51   0.74   0.08  -0.91   0.11   0.40  -2.15
1997  -0.57   3.05   2.01  -0.32  -0.49  -1.03  -0.13   0.30   0.21  -1.21  -1.11  -0.51
1998  -1.02   0.52   0.55  -0.45   0.30  -0.93   0.04   0.63  -1.89   0.42  -0.48   1.47
1999   0.67   1.04  -0.90  -0.34   0.42   1.02   0.03  -0.42  -0.22  -0.07   0.98   1.01
2000   1.11   2.84   0.28  -0.62   0.80   0.26  -0.57   0.31   0.45   0.91  -1.05  -1.48
2001  -0.29  -0.34  -1.94   0.48   0.14  -0.29  -0.14   0.56  -0.84   0.60   1.24  -1.55
2002   1.21   1.42   0.77   0.50   0.37   0.61   0.46  -0.22  -0.83  -1.44  -0.56  -1.37
2003  -0.13   0.90   1.07  -0.55   0.77  -0.07  -0.19  -0.24   0.29  -0.57   0.29  -0.14
2004  -1.23  -0.47   0.84   0.40   0.28  -0.22   0.40  -0.47   0.69  -1.01  -0.05   1.93
2005   1.42  -0.73  -1.77  -0.13  -0.36  -0.18   0.08   0.39   0.15  -0.81   0.46  -0.67
2006   0.54  -1.17  -2.34   0.82  -0.43   0.92   0.35  -0.56  -0.33  -1.87   0.81   2.18
2007   1.54  -1.27   1.74   0.27   0.86  -0.91  -0.23  -0.09   0.05   0.36  -0.08   1.11
2008   0.80   1.46   0.48  -1.28  -1.31  -0.71  -0.43  -0.01   0.08   1.22   0.19   0.55
2009   0.55  -1.05   0.23   0.41   1.49  -1.24  -1.03  -0.05   0.99  -1.42   0.44  -3.01
2010  -2.13  -3.99  -0.77  -0.81  -0.73  -0.29   0.10  -0.66  -0.78  -0.59  -1.61  -3.61
2011  -1.38   1.12   0.98   2.31   0.15  -1.15  -0.43  -0.96   0.80   0.54   1.08   2.61
2012   0.77   0.97   1.29  -0.32  -0.35  -1.14  -0.10  -0.43   0.59  -1.63   0.09  -1.55
2013   0.02  -1.00  -4.13   0.24   0.46   0.59   0.12   0.79  -0.28  -0.51   1.13   1.85
2014  -0.12   1.04   1.35   0.26  -0.14  -0.58  -0.24  -0.52   0.17  -0.69  -0.27   1.42
2015   2.00   1.28   2.31   0.82   1.23   0.18  -1.22  -0.43  -0.52   0.00   1.60   1.71
2016  -0.38   1.32   0.97  -0.67   0.14  -0.24  -0.36   0.05   0.65  -1.05  -0.09   1.41
2017   0.15   0.44   1.01  -0.02  -1.08   0.25   0.61   0.18  -0.19   0.64  -0.36   0.41
2018   0.65   0.52  -2.30   0.44   1.70   0.41   0.60   0.88   0.45   0.43  -1.19   0.09
2019  -0.43   0.33   2.34  -0.22  -1.22  -0.91  -0.93  -0.56   0.08  -0.93  -0.99   0.40
2020   2.01   3.05   1.15  -999.  -999.  -999.  -999.  -999.  -999.  -999.  -999.  -999.
