 https://www.esrl.noaa.gov/psd/data/correlation//amon.us.long.data
 AMO unsmoothed Calculated from the Kaplan SST. Area averaged SST in the Atlantic north of 0
 
 
 1856    0.235    0.168    0.240    0.159    0.211    0.234    0.247    0.224    0.291    0.141    0.151    0.246
 1857    0.231   -0.043   -0.058    0.024   -0.016    0.116    0.148    0.014    0.036   -0.118   -0.152   -0.266
 1858   -0.204   -0.297   -0.054    0.228    0.106   -0.023   -0.144   -0.055    0.087    0.164    0.291    0.138
 1859   -0.117   -0.104    0.076    0.165    0.102   -0.086   -0.165    0.079    0.096    0.144    0.075    0.098
 1860    0.131   -0.097    0.076   -0.054    0.185    0.319    0.245    0.055    0.010    0.125    0.008    0.157
 1861    0.016   -0.095    0.009    0.262    0.210    0.307    0.429    0.317    0.274    0.229    0.231    0.130
 1862   -0.013   -0.149   -0.058   -0.112   -0.167   -0.030   -0.279   -0.253   -0.242   -0.251   -0.338   -0.344
 1863   -0.132   -0.030    0.042    0.064    0.037   -0.028   -0.280   -0.286   -0.144   -0.220   -0.164   -0.102
 1864   -0.192   -0.342   -0.168   -0.021    0.086    0.129    0.275    0.361    0.208    0.139    0.200    0.202
 1865    0.201    0.261    0.174    0.071    0.039    0.209    0.131    0.051    0.295    0.261    0.226    0.226
 1866    0.059    0.186    0.221    0.139    0.183    0.359    0.289    0.267    0.156    0.148    0.275    0.284
 1867    0.319    0.291    0.394    0.303    0.165    0.096    0.115    0.078    0.010   -0.021    0.120   -0.045
 1868    0.069    0.138    0.210    0.268    0.195    0.334    0.413    0.211    0.154   -0.106   -0.049    0.130
 1869   -0.106    0.099    0.085    0.252    0.290    0.223    0.288    0.142    0.102    0.001   -0.037   -0.080
 1870   -0.151    0.016   -0.035   -0.161   -0.022   -0.004   -0.033    0.107    0.157    0.164    0.180    0.116
 1871   -0.129   -0.112    0.136    0.186    0.150    0.138    0.179    0.064   -0.081   -0.141    0.002    0.093
 1872   -0.063   -0.047   -0.079   -0.067    0.183    0.223    0.291    0.391    0.422    0.054   -0.027   -0.045
 1873    0.060    0.011    0.047    0.051   -0.043   -0.034    0.090    0.050    0.152    0.087    0.067    0.146
 1874    0.057   -0.107   -0.113   -0.084    0.021    0.168    0.106   -0.008    0.186   -0.035   -0.052   -0.284
 1875   -0.160    0.072    0.042    0.023    0.169    0.175    0.009    0.096    0.144    0.077   -0.053   -0.071
 1876   -0.200   -0.070   -0.085   -0.065   -0.066    0.001    0.121    0.180    0.154   -0.049   -0.076   -0.011
 1877    0.013    0.163    0.247    0.152    0.262    0.331    0.307    0.371    0.270    0.240    0.308    0.327
 1878    0.249    0.342    0.352    0.651    0.532    0.635    0.428    0.595    0.556    0.326    0.380    0.478
 1879    0.330    0.386    0.027    0.045    0.253    0.183    0.091    0.023   -0.016    0.069    0.076    0.126
 1880    0.084    0.011    0.096   -0.030   -0.132   -0.004    0.125    0.109    0.262    0.237    0.155   -0.077
 1881    0.176    0.131    0.198    0.228    0.122    0.128    0.015    0.053   -0.015   -0.062   -0.297   -0.087
 1882   -0.123   -0.090   -0.025   -0.120   -0.123    0.008    0.069    0.078    0.050   -0.006    0.023    0.026
 1883   -0.038   -0.155   -0.143    0.037    0.043   -0.020   -0.034    0.028   -0.081   -0.103    0.004    0.145
 1884    0.043   -0.132   -0.098   -0.051   -0.037    0.148   -0.019    0.003   -0.139   -0.132   -0.328   -0.101
 1885   -0.053    0.059   -0.020   -0.236   -0.152   -0.117   -0.010    0.128    0.049    0.047    0.027    0.049
 1886    0.146    0.142    0.199    0.223    0.250    0.219    0.261    0.080    0.018   -0.003    0.002   -0.004
 1887   -0.082   -0.070   -0.006   -0.048    0.062    0.237    0.356    0.222    0.175    0.259    0.203    0.204
 1888    0.257    0.194    0.278    0.146    0.153    0.276    0.211    0.170    0.173    0.279    0.152    0.103
 1889    0.261    0.268    0.342    0.323    0.324    0.236    0.086    0.106    0.114    0.114    0.187    0.061
 1890    0.041    0.025   -0.029   -0.144   -0.136   -0.092   -0.245   -0.290   -0.249   -0.072   -0.261   -0.238
 1891   -0.265   -0.075    0.086    0.121    0.189    0.175    0.254    0.111    0.019    0.037   -0.227    0.030
 1892    0.073    0.134    0.107    0.015   -0.117   -0.135   -0.241   -0.095   -0.202   -0.171   -0.266   -0.166
 1893   -0.091   -0.043   -0.032   -0.144   -0.124    0.137    0.189    0.173    0.062   -0.048    0.035   -0.145
 1894   -0.137   -0.155   -0.175   -0.272   -0.347   -0.312   -0.215   -0.226   -0.214   -0.324   -0.301   -0.216
 1895   -0.104   -0.072   -0.251   -0.279   -0.195   -0.095   -0.061   -0.083    0.086    0.084   -0.097   -0.038
 1896   -0.055    0.044   -0.029    0.059    0.268    0.200    0.112    0.091    0.324    0.169    0.055    0.065
 1897    0.089    0.141    0.313    0.256    0.171    0.108    0.106    0.027    0.056    0.084   -0.005   -0.004
 1898   -0.007    0.066    0.116    0.069    0.098    0.218    0.225    0.147    0.113   -0.020   -0.121    0.008
 1899   -0.058   -0.044   -0.000    0.094    0.210    0.196    0.119    0.278    0.138    0.100    0.208    0.307
 1900    0.217    0.212    0.071    0.173    0.006    0.010    0.102    0.008    0.058    0.125    0.054    0.146
 1901    0.058    0.196    0.168    0.161    0.091    0.228    0.194    0.191    0.012   -0.098   -0.070   -0.056
 1902   -0.107   -0.024   -0.015   -0.141   -0.082   -0.243   -0.282   -0.163    0.008    0.025   -0.108   -0.077
 1903   -0.033    0.061   -0.050   -0.061   -0.136   -0.168   -0.156   -0.437   -0.448   -0.359   -0.231   -0.285
 1904   -0.345   -0.366   -0.372   -0.416   -0.391   -0.423   -0.331   -0.342   -0.472   -0.364   -0.193   -0.148
 1905   -0.219   -0.176   -0.354   -0.167   -0.057   -0.166   -0.049   -0.137   -0.351   -0.246   -0.263   -0.240
 1906   -0.067   -0.027   -0.048   -0.039   -0.155    0.013   -0.002   -0.060   -0.115   -0.137   -0.013   -0.221
 1907   -0.182   -0.345   -0.250   -0.157   -0.145   -0.250   -0.277   -0.312   -0.174   -0.216   -0.224   -0.187
 1908   -0.228   -0.229   -0.237   -0.206   -0.160   -0.061    0.027    0.011   -0.086   -0.118   -0.152   -0.119
 1909   -0.102   -0.140   -0.099   -0.146   -0.004   -0.126   -0.165   -0.081   -0.112   -0.149   -0.289   -0.232
 1910   -0.305   -0.249   -0.258   -0.308   -0.339   -0.359   -0.287   -0.257   -0.104   -0.188   -0.076   -0.240
 1911   -0.251   -0.251   -0.306   -0.318   -0.342   -0.237   -0.166   -0.063   -0.117   -0.112   -0.229   -0.171
 1912   -0.235   -0.258   -0.217   -0.167   -0.114   -0.149   -0.256   -0.393   -0.243   -0.249   -0.222   -0.234
 1913   -0.306   -0.211   -0.224   -0.440   -0.448   -0.565   -0.438   -0.434   -0.427   -0.381   -0.455   -0.326
 1914   -0.223   -0.318   -0.406   -0.384   -0.263   -0.377   -0.431   -0.370   -0.189   -0.113   -0.184   -0.228
 1915   -0.129   -0.117   -0.004    0.052    0.262    0.294    0.317    0.212    0.197    0.029   -0.006    0.011
 1916   -0.039   -0.099   -0.093   -0.119    0.019    0.028   -0.075   -0.017   -0.004   -0.075   -0.240   -0.209
 1917   -0.294   -0.350   -0.402   -0.306   -0.254   -0.152   -0.209   -0.192   -0.282   -0.342   -0.320   -0.259
 1918   -0.101   -0.175   -0.118   -0.179   -0.239   -0.420   -0.367   -0.391   -0.365   -0.258   -0.300   -0.224
 1919   -0.227   -0.059   -0.193   -0.056   -0.165   -0.223   -0.283   -0.191   -0.192   -0.143   -0.227   -0.291
 1920   -0.461   -0.404   -0.452   -0.335   -0.252   -0.281   -0.276   -0.303   -0.276   -0.267   -0.427   -0.303
 1921   -0.290   -0.274   -0.318   -0.264   -0.250   -0.248   -0.108   -0.246   -0.225   -0.055   -0.262   -0.120
 1922   -0.205   -0.242   -0.340   -0.410   -0.318   -0.331   -0.376   -0.309   -0.368   -0.287   -0.351   -0.324
 1923   -0.363   -0.460   -0.404   -0.430   -0.281   -0.314   -0.322   -0.426   -0.369   -0.265   -0.216   -0.061
 1924   -0.131   -0.199   -0.105   -0.057    0.045   -0.098   -0.126   -0.138   -0.204   -0.236   -0.316   -0.288
 1925   -0.326   -0.311   -0.239   -0.180   -0.078   -0.190   -0.145   -0.132   -0.121   -0.088   -0.173    0.045
 1926    0.033    0.106    0.046    0.108    0.124    0.067    0.139    0.051    0.040    0.175    0.025    0.088
 1927    0.079    0.075    0.038    0.066    0.190    0.152    0.153    0.155    0.103    0.171    0.135   -0.026
 1928   -0.048   -0.096   -0.096   -0.101    0.015    0.065    0.084    0.100    0.086    0.040   -0.053   -0.092
 1929   -0.089   -0.102   -0.091   -0.017   -0.112   -0.194   -0.181   -0.156   -0.066   -0.056   -0.116   -0.187
 1930   -0.125   -0.177   -0.096   -0.212   -0.113   -0.082    0.058    0.068    0.286    0.200    0.151    0.141
 1931    0.113    0.064    0.146    0.149    0.223    0.267    0.192    0.149    0.262    0.317    0.057    0.170
 1932    0.174    0.228    0.246    0.210    0.153    0.242    0.269    0.385    0.334    0.236    0.135    0.094
 1933    0.086    0.155    0.089    0.209    0.290    0.242    0.278    0.280    0.241    0.329    0.078    0.000
 1934   -0.113   -0.191   -0.213   -0.095   -0.114    0.032    0.169    0.078    0.140    0.168    0.015   -0.006
 1935    0.041   -0.137   -0.151    0.053    0.139    0.107    0.061    0.003   -0.039   -0.020    0.018    0.099
 1936    0.135    0.143    0.191    0.194    0.165    0.191    0.192    0.211    0.171    0.101    0.017    0.045
 1937    0.052    0.083    0.096    0.067    0.128    0.448    0.608    0.589    0.505    0.294    0.253    0.350
 1938    0.208    0.149    0.197    0.234    0.200    0.165    0.202    0.295    0.306    0.352    0.316    0.216
 1939    0.132    0.076   -0.035    0.092    0.102    0.174    0.322    0.320    0.297    0.007   -0.155   -0.082
 1940    0.059   -0.196   -0.147   -0.035   -0.001    0.011    0.093    0.103    0.022   -0.052   -0.135   -0.141
 1941   -0.065    0.092    0.129    0.062    0.034   -0.022    0.085    0.276    0.302    0.413    0.390    0.324
 1942    0.132    0.196    0.190    0.202    0.206    0.257    0.098    0.143    0.221    0.200    0.194    0.089
 1943    0.127    0.094   -0.105   -0.138   -0.126   -0.078    0.014    0.014    0.074    0.078    0.141    0.226
 1944    0.299    0.316    0.421    0.313    0.290    0.345    0.359    0.442    0.416    0.365    0.270    0.272
 1945    0.258    0.347    0.363    0.410    0.308    0.173    0.082    0.106    0.083    0.101    0.183    0.137
 1946    0.276    0.189    0.130    0.060    0.088   -0.101   -0.206   -0.165   -0.018   -0.016   -0.066   -0.036
 1947   -0.175   -0.128   -0.092   -0.098   -0.155   -0.153   -0.157   -0.100   -0.051   -0.090    0.046    0.033
 1948   -0.016   -0.028    0.027   -0.071   -0.005    0.054   -0.040   -0.023   -0.053    0.007    0.134    0.062
 1949    0.152    0.159    0.038    0.098   -0.025    0.000    0.071    0.102    0.069    0.103    0.107    0.117
 1950    0.110   -0.034   -0.106   -0.131   -0.059   -0.043   -0.056    0.020    0.009   -0.091    0.079    0.088
 1951    0.102   -0.002    0.012    0.168    0.172    0.289    0.421    0.303    0.249    0.258    0.174    0.174
 1952    0.171    0.182    0.230    0.190    0.180    0.382    0.372    0.403    0.361    0.354    0.250    0.340
 1953    0.264    0.184    0.141    0.312    0.341    0.275    0.343    0.257    0.279    0.147    0.243    0.257
 1954    0.226    0.094    0.100   -0.015    0.069    0.098   -0.046   -0.015   -0.012   -0.033   -0.028   -0.052
 1955    0.075    0.039    0.040    0.094    0.175    0.192    0.267    0.174    0.202    0.278    0.385    0.255
 1956    0.185    0.093    0.012    0.062   -0.059   -0.266   -0.091   -0.100   -0.090   -0.044   -0.088    0.017
 1957   -0.082   -0.108   -0.021   -0.075   -0.123   -0.014    0.038    0.201    0.219    0.148    0.082    0.078
 1958    0.047    0.187    0.342    0.344    0.200    0.220    0.163    0.159    0.211    0.150    0.183    0.218
 1959    0.098    0.113   -0.029   -0.006    0.005   -0.061   -0.034    0.010    0.123    0.110    0.049    0.108
 1960    0.174    0.214    0.086    0.095    0.300    0.317    0.268    0.333    0.209    0.294    0.248    0.135
 1961    0.058    0.079    0.146    0.224    0.191    0.030   -0.021    0.033    0.000    0.027    0.065    0.211
 1962    0.146    0.149    0.163    0.085    0.020   -0.074   -0.011   -0.066    0.001    0.063    0.043    0.187
 1963    0.154    0.163    0.131    0.101   -0.088   -0.050   -0.039   -0.076   -0.205   -0.075   -0.060   -0.063
 1964   -0.078    0.018    0.036   -0.149    0.037    0.001   -0.147   -0.237   -0.223   -0.275   -0.169   -0.124
 1965   -0.202   -0.180   -0.081   -0.100   -0.102   -0.130   -0.191   -0.214   -0.225   -0.251   -0.280   -0.127
 1966   -0.079    0.007   -0.013    0.040   -0.002   -0.049   -0.059   -0.047   -0.004    0.010   -0.001    0.076
 1967    0.078    0.084   -0.037   -0.019   -0.191   -0.265   -0.234   -0.169   -0.101   -0.104   -0.238   -0.157
 1968   -0.250   -0.202   -0.213   -0.160   -0.128   -0.266   -0.233   -0.218   -0.154   -0.117   -0.112   -0.131
 1969   -0.067    0.100    0.203    0.145    0.006    0.024    0.089   -0.105   -0.111   -0.190   -0.128   -0.036
 1970   -0.015   -0.053    0.015    0.015   -0.051   -0.187   -0.205   -0.145   -0.142   -0.201   -0.245   -0.214
 1971   -0.250   -0.296   -0.314   -0.417   -0.331   -0.367   -0.354   -0.440   -0.370   -0.239   -0.247   -0.313
 1972   -0.322   -0.384   -0.443   -0.330   -0.473   -0.492   -0.379   -0.387   -0.307   -0.290   -0.281   -0.355
 1973   -0.378   -0.397   -0.348   -0.268   -0.173   -0.179   -0.108   -0.137   -0.135   -0.219   -0.213   -0.242
 1974   -0.279   -0.287   -0.405   -0.527   -0.504   -0.451   -0.518   -0.472   -0.509   -0.512   -0.429   -0.364
 1975   -0.276   -0.342   -0.313   -0.349   -0.392   -0.299   -0.275   -0.189   -0.339   -0.357   -0.345   -0.325
 1976   -0.388   -0.445   -0.497   -0.430   -0.492   -0.487   -0.311   -0.189   -0.197   -0.297   -0.419   -0.435
 1977   -0.393   -0.337   -0.186   -0.221   -0.173   -0.111   -0.109   -0.148   -0.235   -0.227   -0.146   -0.208
 1978   -0.109   -0.151   -0.162   -0.198   -0.207   -0.336   -0.280   -0.230   -0.193   -0.210   -0.122   -0.186
 1979   -0.195   -0.154   -0.231   -0.240   -0.120   -0.045   -0.097   -0.118   -0.112   -0.090   -0.088   -0.062
 1980   -0.004   -0.081   -0.141   -0.003    0.127    0.106    0.048    0.021   -0.010   -0.064   -0.199   -0.251
 1981   -0.179   -0.178    0.004   -0.093   -0.081   -0.059   -0.092   -0.113   -0.034   -0.184   -0.134   -0.004
 1982   -0.078   -0.076   -0.078   -0.180   -0.189   -0.182   -0.226   -0.306   -0.305   -0.369   -0.414   -0.378
 1983   -0.296   -0.101    0.084    0.062   -0.046   -0.052   -0.013   -0.156   -0.213   -0.193   -0.156   -0.000
 1984   -0.104   -0.085   -0.122   -0.155   -0.163   -0.322   -0.263   -0.223   -0.206   -0.341   -0.422   -0.315
 1985   -0.352   -0.327   -0.354   -0.398   -0.335   -0.126   -0.151   -0.279   -0.245   -0.243   -0.293   -0.334
 1986   -0.341   -0.273   -0.291   -0.323   -0.226   -0.259   -0.247   -0.270   -0.218   -0.316   -0.395   -0.369
 1987   -0.276   -0.216   -0.031    0.031    0.070    0.205    0.281    0.281    0.196    0.048   -0.068    0.045
 1988   -0.040   -0.115   -0.009    0.052    0.137    0.165    0.109   -0.009   -0.096   -0.172   -0.149   -0.165
 1989   -0.222   -0.158   -0.255   -0.291   -0.148    0.089    0.175    0.111   -0.096   -0.125   -0.152   -0.155
 1990   -0.301   -0.163   -0.180   -0.119   -0.061   -0.058   -0.024    0.051    0.145    0.111   -0.056   -0.038
 1991   -0.197   -0.119   -0.071   -0.135   -0.156   -0.132   -0.110   -0.112   -0.040   -0.265   -0.264   -0.217
 1992   -0.194   -0.097   -0.096   -0.188   -0.226   -0.154   -0.223   -0.384   -0.373   -0.304   -0.338   -0.288
 1993   -0.244   -0.191   -0.248   -0.177   -0.168   -0.186   -0.281   -0.233   -0.169   -0.247   -0.323   -0.298
 1994   -0.301   -0.314   -0.284   -0.205   -0.211   -0.227   -0.236   -0.240   -0.157   -0.064   -0.024   -0.096
 1995   -0.067   -0.045    0.011    0.070    0.266    0.359    0.308    0.178    0.048    0.096    0.121    0.036
 1996   -0.015   -0.038   -0.063    0.004   -0.071   -0.129   -0.110   -0.014   -0.007   -0.150   -0.179   -0.161
 1997   -0.097   -0.041   -0.001    0.002    0.034    0.003    0.055    0.009    0.103    0.144    0.045    0.125
 1998    0.124    0.286    0.316    0.285    0.378    0.483    0.482    0.506    0.406    0.376    0.311    0.273
 1999    0.045    0.051    0.063    0.046    0.156    0.174    0.192    0.301    0.179    0.011   -0.055    0.009
 2000   -0.090   -0.044    0.098    0.036    0.099   -0.024    0.066    0.097    0.096   -0.046   -0.059   -0.133
 2001   -0.133   -0.033    0.008   -0.018   -0.015    0.192    0.129    0.171    0.280    0.245    0.150    0.207
 2002    0.175    0.159    0.139    0.021   -0.054   -0.123   -0.072    0.100    0.074    0.105    0.013   -0.001
 2003    0.044   -0.019    0.106    0.073    0.145    0.199    0.270    0.409    0.446    0.420    0.217    0.218
 2004    0.204    0.203    0.152    0.102   -0.000    0.171    0.221    0.311    0.234    0.236    0.215    0.181
 2005    0.105    0.119    0.278    0.286    0.287    0.321    0.441    0.434    0.412    0.232    0.134    0.210
 2006    0.117    0.069    0.054    0.191    0.302    0.327    0.368    0.395    0.358    0.328    0.283    0.165
 2007    0.165    0.211    0.121    0.153    0.105    0.082    0.123    0.048    0.092    0.152    0.170    0.105
 2008    0.024    0.122    0.152    0.037    0.166    0.250    0.200    0.169    0.192    0.096   -0.005    0.012
 2009   -0.065   -0.170   -0.166   -0.137   -0.068    0.115    0.222    0.146    0.051    0.158    0.063    0.076
 2010    0.033    0.171    0.281    0.419    0.453    0.441    0.444    0.519    0.443    0.318    0.229    0.201
 2011    0.137    0.102    0.049    0.085    0.145    0.172    0.085    0.140    0.138    0.056   -0.077   -0.051
 2012   -0.071   -0.002    0.019    0.074    0.158    0.294    0.369    0.424    0.442    0.323    0.158    0.134
 2013    0.121    0.109    0.152    0.130    0.094    0.040    0.184    0.188    0.248    0.340    0.122    0.030
 2014   -0.069   -0.049   -0.088   -0.101   -0.008    0.055    0.215    0.328    0.303    0.285    0.058    0.052
 2015   -0.015   -0.011   -0.136   -0.078    0.038    0.022    0.125    0.171    0.293    0.318    0.180    0.222
 2016    0.224    0.149    0.181    0.170    0.337    0.402    0.425    0.450    0.451    0.373    0.383    0.328
 2017    0.218    0.220    0.160    0.276    0.307    0.301    0.295    0.303    0.343    0.426    0.345    0.357
 2018    0.166    0.055    0.125    0.056   -0.008   -0.018    0.010    0.105    0.155    0.136   -0.128   -0.067
 2019   -0.022    0.073    0.114    0.116    0.081    0.167    0.345    0.331    0.238    0.152    0.103    0.157
 2020    0.089    0.349    0.361    0.363    0.259  -99.990  -99.990  -99.990  -99.990  -99.990  -99.990  -99.990
  -99.99
  AMO unsmoothed from the Kaplan SST V2
  Calculated at NOAA PSL1
  http://www.psl.noaa.gov/data/timeseries/AMO/
