http://www.jamstec.go.jp/frsgc/research/d1/iod/DATA/emi.monthly.txt



Date        Box_A     Box_B     Box_C     EMI(=Box_A-0.5*Box_B-0.5*Box_C)
1870:1:16:0 -0.236928 -0.962961 0.31388 0.087613
1870:2:16:0 -0.893361 -0.675769 0.184265 -0.647609
1870:3:16:0 -0.710367 -0.356447 0.174618 -0.619452
1870:4:16:0 -0.734068 -0.337298 0.00134138 -0.56609
1870:5:16:0 -0.804244 -0.605928 -0.115931 -0.443315
1870:6:16:0 -0.819467 -0.848892 -0.24703 -0.271506
1870:7:16:0 -0.708754 -0.796971 -0.257104 -0.181716
1870:8:16:0 -0.62054 -0.697292 -0.0806108 -0.231589
1870:9:16:0 -0.168589 -0.785401 -0.170352 0.309288
1870:10:16:0 -0.249127 -1.09596 -0.105937 0.35182
1870:11:16:0 -0.325107 -0.930298 -0.0317668 0.155925
1870:12:16:0 -0.433018 -0.792202 -0.137756 0.0319607
1871:1:16:0 -0.308991 -0.306988 -0.0489769 -0.131009
1871:2:16:0 -0.318459 -0.267714 -0.067407 -0.150898
1871:3:16:0 -0.313249 -0.358532 -0.0203215 -0.123822
1871:4:16:0 -0.186657 -0.303296 -0.00738751 -0.0313154
1871:5:16:0 -0.429907 -0.493023 0.0155867 -0.191189
1871:6:16:0 -0.378489 -0.257068 -0.0439657 -0.227972
1871:7:16:0 -0.440044 -0.150666 -0.0226139 -0.353404
1871:8:16:0 -0.209362 -0.156067 -0.0933375 -0.0846601
1871:9:16:0 -0.122302 -0.327753 -0.310848 0.196998
1871:10:16:0 -0.167176 -0.30165 -0.349664 0.158481
1871:11:16:0 -0.210343 -0.246722 -0.0393246 -0.0673198
1871:12:16:0 -0.412753 -0.565446 0.0193418 -0.139701
1872:1:16:0 -0.456551 -0.731092 0.0654507 -0.12373
1872:2:16:0 -0.405355 -0.794795 0.0528434 -0.0343786
1872:3:16:0 -0.260021 -0.696707 0.0780103 0.0493272
1872:4:16:0 -0.528526 -0.672223 -0.0327528 -0.176038
1872:5:16:0 -0.421329 -0.644018 0.0131218 -0.105881
1872:6:16:0 -0.457083 -0.5423 0.0568645 -0.214365
1872:7:16:0 -0.344932 -0.412017 0.169116 -0.223482
1872:8:16:0 -0.689814 -0.608371 0.324319 -0.547789
1872:9:16:0 -0.716425 -0.590213 0.371265 -0.606951
1872:10:16:0 -0.595044 -0.83872 0.141937 -0.246653
1872:11:16:0 -0.482435 -0.640029 0.11305 -0.218945
1872:12:16:0 -0.615529 -0.715077 0.165921 -0.340951
1873:1:16:0 -0.519738 -0.731114 0.266965 -0.287663
1873:2:16:0 -0.701888 -0.968173 0.109719 -0.272661
1873:3:16:0 -0.832753 -1.36937 0.0804373 -0.188288
1873:4:16:0 -0.510438 -0.76183 0.0803283 -0.169687
1873:5:16:0 -0.336919 -0.834692 0.0289141 0.0659694
1873:6:16:0 -0.536083 -0.473121 -0.0826619 -0.258191
1873:7:16:0 -0.47435 -0.338359 0.0185146 -0.314428
1873:8:16:0 -0.369029 -0.377907 -0.0216584 -0.169246
1873:9:16:0 -0.301833 -0.673402 -0.0420838 0.0559102
1873:10:16:0 -0.542333 -0.994278 -0.12179 0.0157008
1873:11:16:0 -0.510763 -0.997287 -0.122498 0.0491297
1873:12:16:0 -0.372344 -0.924391 -0.246066 0.212884
1874:1:16:0 -0.43319 -1.01752 0.0108645 0.0701372
1874:2:16:0 -0.570896 -1.18123 0.00589456 0.0167718
1874:3:16:0 -0.821144 -1.01536 0.104457 -0.365692
1874:4:16:0 -0.520577 -0.89363 0.0971516 -0.122338
1874:5:16:0 -0.493532 -0.362763 -0.0691438 -0.277579
1874:6:16:0 -0.455441 -0.63713 0.00619823 -0.139975
1874:7:16:0 -0.537289 -0.784539 0.0541921 -0.172115
1874:8:16:0 -0.62493 -0.979617 -0.000998767 -0.134622
1874:9:16:0 -0.846528 -0.818962 -0.0208797 -0.426608
1874:10:16:0 -0.953255 -0.820773 -0.173375 -0.456182
1874:11:16:0 -0.948551 -0.700061 -0.1634 -0.51682
1874:12:16:0 -0.784284 -0.69341 -0.0218135 -0.426673
1875:1:16:0 -0.434815 -0.500114 -0.0635074 -0.153004
1875:2:16:0 -0.279181 -0.377635 -0.191968 0.00562105
1875:3:16:0 -0.423286 -0.501356 -0.203055 -0.0710801
1875:4:16:0 -0.733795 -0.479623 -0.0990668 -0.44445
1875:5:16:0 -0.863407 -0.897922 0.117465 -0.473178
1875:6:16:0 -0.773347 -0.6892 -0.193087 -0.332204
1875:7:16:0 -0.889621 -1.03097 -0.205742 -0.271266
1875:8:16:0 -0.847229 -0.781787 -0.07769 -0.417491
1875:9:16:0 -0.814452 -0.809638 0.0419025 -0.430584
1875:10:16:0 -0.609855 -0.86834 0.0614302 -0.2064
1875:11:16:0 -0.334678 -0.909428 0.127528 0.0562721
1875:12:16:0 -0.550635 -1.07039 -0.0519402 0.0105275
1876:1:16:0 -0.628969 -1.2586 0.0515992 -0.0254691
1876:2:16:0 -0.711169 -1.28255 0.131894 -0.13584
1876:3:16:0 -0.5107 -1.11539 0.166658 -0.036336
1876:4:16:0 -0.676203 -1.16363 0.0600916 -0.124434
1876:5:16:0 -0.570023 -1.02841 -0.125743 0.00705099
1876:6:16:0 -0.352413 -0.723673 -0.543036 0.280941
1876:7:16:0 -0.369615 -0.398618 -0.525308 0.0923478
1876:8:16:0 -0.220173 -0.291305 -0.446626 0.148793
1876:9:16:0 -0.155151 -0.0312499 -0.457464 0.0892063
1876:10:16:0 -0.112475 0.451712 -0.307915 -0.184374
1876:11:16:0 -0.0938983 0.486792 -0.247298 -0.213646
1876:12:16:0 0.0144547 0.433045 -0.181239 -0.111448
1877:1:16:0 0.0596104 0.0963368 -0.130384 0.0766342
1877:2:16:0 0.416457 0.280799 -0.201248 0.376681
1877:3:16:0 0.30093 0.26149 -0.235665 0.288017
1877:4:16:0 0.228502 0.102453 -0.29238 0.323465
1877:5:16:0 0.361306 0.0675027 -0.2491 0.452104
1877:6:16:0 0.587093 -0.102619 -0.243414 0.760109
1877:7:16:0 0.726319 0.952605 -0.316784 0.408409
1877:8:16:0 0.728914 1.1477 -0.348668 0.329398
1877:9:16:0 0.859486 1.78236 -0.179814 0.0582145
1877:10:16:0 1.02656 1.8805 -0.268566 0.220591
1877:11:16:0 1.06271 1.91853 -0.162279 0.184586
1877:12:16:0 1.20177 2.00904 -0.0571549 0.225831
1878:1:16:0 1.145 1.94726 0.000878856 0.170926
1878:2:16:0 1.1786 1.85596 -0.0114315 0.256338
1878:3:16:0 0.745136 0.911859 0.0147177 0.281848
1878:4:16:0 0.53504 0.756952 0.0661643 0.123482
1878:5:16:0 0.492121 0.553959 0.037302 0.196491
1878:6:16:0 0.798392 0.544484 -0.0477698 0.550035
1878:7:16:0 0.280604 0.481548 0.102593 -0.0114665
1878:8:16:0 0.0160114 0.171773 0.146159 -0.142955
1878:9:16:0 -0.160225 -0.134343 0.178903 -0.182505
1878:10:16:0 -0.274035 -0.168183 0.139292 -0.25959
1878:11:16:0 -0.234805 -0.480054 0.214845 -0.1022
1878:12:16:0 -0.23697 -0.178858 0.158625 -0.226853
1879:1:16:0 -0.0896843 -0.0813282 0.232873 -0.165457
1879:2:16:0 -0.0999476 -0.102372 0.167922 -0.132722
1879:3:16:0 -0.0731816 -0.223787 0.115884 -0.0192305
1879:4:16:0 -0.214691 -0.339361 0.00766648 -0.0488438
1879:5:16:0 -0.476271 -0.515577 0.189912 -0.313438
1879:6:16:0 -0.639038 -0.2458 0.317786 -0.675031
1879:7:16:0 -0.652595 -0.109977 0.310636 -0.752925
1879:8:16:0 -0.56936 -0.139471 0.185646 -0.592448
1879:9:16:0 -0.516848 -0.209982 0.215946 -0.519829
1879:10:16:0 -0.67763 -0.28133 0.0242259 -0.549078
1879:11:16:0 -0.758047 -0.454717 -0.032196 -0.514591
1879:12:16:0 -0.550879 -0.251101 -0.233689 -0.308484
1880:1:16:0 -0.375724 -0.437083 -0.0914085 -0.111478
1880:2:16:0 -0.301152 -0.0936083 -0.0804758 -0.21411
1880:3:16:0 -0.336336 -0.357908 -0.0541867 -0.130288
1880:4:16:0 -0.340345 -0.317892 -0.132491 -0.115153
1880:5:16:0 -0.409807 -0.32947 -0.187372 -0.151386
1880:6:16:0 -0.471152 -0.478896 -0.276015 -0.0936965
1880:7:16:0 -0.386474 -0.0211916 -0.216699 -0.267529
1880:8:16:0 -0.392971 0.219829 -0.162309 -0.421732
1880:9:16:0 -0.265828 0.469715 -0.205801 -0.397785
1880:10:16:0 -0.0492706 0.53828 -0.177119 -0.229851
1880:11:16:0 0.128079 0.581462 -0.15139 -0.0869566
1880:12:16:0 0.214396 0.21716 -0.075024 0.143328
1881:1:16:0 0.209675 0.132805 -0.0804239 0.183484
1881:2:16:0 0.172694 -0.0585805 -0.0872514 0.24561
1881:3:16:0 0.309554 -0.040488 0.0427971 0.308399
1881:4:16:0 0.456829 0.00360062 -0.0468139 0.478435
1881:5:16:0 0.383935 0.0916179 0.0522366 0.312007
1881:6:16:0 0.274817 0.0836269 -0.0431457 0.254576
1881:7:16:0 -0.0765143 0.0477462 0.0431632 -0.121969
1881:8:16:0 0.0183299 -0.228371 -0.112613 0.188822
1881:9:16:0 -0.102383 -0.213299 -0.0792619 0.0438968
1881:10:16:0 -0.159526 -0.0284906 -0.027984 -0.131289
1881:11:16:0 -0.23332 -0.201996 -0.0885788 -0.0880327
1881:12:16:0 -0.147528 -0.344212 0.0113775 0.0188891
1882:1:16:0 -0.181401 -0.551129 0.0340382 0.0771439
1882:2:16:0 -0.297087 -0.585642 0.18944 -0.0989856
1882:3:16:0 -0.196058 -0.528362 0.193189 -0.0284723
1882:4:16:0 0.161085 -0.178728 -0.0360033 0.26845
1882:5:16:0 0.141365 -0.282784 -0.0688591 0.317187
1882:6:16:0 -0.00460878 -0.700383 -0.0752558 0.383211
1882:7:16:0 -0.109384 -0.801785 -0.143886 0.363452
1882:8:16:0 0.0464109 -0.785019 -0.124715 0.501278
1882:9:16:0 -0.298188 -0.397483 -0.119617 -0.0396377
1882:10:16:0 -0.29754 -0.292278 -0.0869946 -0.107904
1882:11:16:0 -0.507106 -0.534141 0.0805043 -0.280288
1882:12:16:0 -0.431777 -0.638973 -0.0343453 -0.0951184
1883:1:16:0 -0.0969723 -0.793103 0.0618365 0.268661
1883:2:16:0 -0.0805564 -0.621381 0.0680692 0.1961
1883:3:16:0 -0.119752 -0.610347 -0.0911481 0.230995
1883:4:16:0 -0.112749 -0.210503 -0.0959401 0.0404731
1883:5:16:0 -0.264533 -0.107089 -0.142378 -0.139799
1883:6:16:0 -0.149969 0.115457 -0.138317 -0.138539
1883:7:16:0 -0.0191105 -0.0787438 -0.111329 0.0759258
1883:8:16:0 -0.161199 -0.434693 -0.215732 0.164013
1883:9:16:0 -0.148961 -0.339183 -0.23749 0.139375
1883:10:16:0 -0.0910221 -0.0246646 -0.324 0.0833101
1883:11:16:0 0.0141042 0.0948496 -0.303856 0.118607
1883:12:16:0 -0.0445875 -0.323476 -0.335606 0.284954
1884:1:16:0 0.0633812 -0.212082 -0.443666 0.391255
1884:2:16:0 0.137056 -0.214323 -0.489075 0.488755
1884:3:16:0 0.155506 0.323598 -0.366428 0.176921
1884:4:16:0 0.225859 0.51826 -0.364333 0.148895
1884:5:16:0 0.490324 0.413681 -0.516478 0.541722
1884:6:16:0 0.0212539 0.21615 -0.130423 -0.0216092
1884:7:16:0 0.24872 0.0754211 -0.503076 0.462547
1884:8:16:0 0.187942 0.203032 -0.230443 0.201647
1884:9:16:0 0.136127 0.227518 -0.170987 0.107862
1884:10:16:0 0.0419235 0.274316 -0.230429 0.01998
1884:11:16:0 -0.0209467 0.48391 -0.185016 -0.170394
1884:12:16:0 0.0638602 0.642064 -0.21138 -0.151482
1885:1:16:0 -0.0302598 0.356366 -0.126052 -0.145417
1885:2:16:0 0.105007 0.184542 -0.19687 0.111171
1885:3:16:0 0.219673 -0.129517 -0.12174 0.345302
1885:4:16:0 0.102898 -0.0918237 -0.20483 0.251225
1885:5:16:0 0.555129 -0.27388 -0.365315 0.874727
1885:6:16:0 0.258658 -0.487577 -0.476454 0.740673
1885:7:16:0 0.151898 -0.405387 -0.563412 0.636298
1885:8:16:0 0.301981 -0.105163 -0.504582 0.606853
1885:9:16:0 0.385338 0.105805 -0.480033 0.572453
1885:10:16:0 0.543625 0.126379 -0.568784 0.764827
1885:11:16:0 0.500766 0.242592 -0.480476 0.619709
1885:12:16:0 0.496279 0.254195 -0.201993 0.470178
1886:1:16:0 0.315327 -0.60328 -0.0449608 0.639447
1886:2:16:0 0.203597 -0.75133 -0.0530349 0.605779
1886:3:16:0 0.374076 -0.713378 -0.0633402 0.762436
1886:4:16:0 0.0984031 -0.541713 0.206438 0.266041
1886:5:16:0 -0.319049 -0.870745 0.0705032 0.0810714
1886:6:16:0 -0.414094 -1.07055 -0.0529309 0.147648
1886:7:16:0 -0.571149 -0.700674 -0.0835937 -0.179016
1886:8:16:0 -0.691821 -0.929309 0.321798 -0.388066
1886:9:16:0 -0.702257 -0.553556 0.252848 -0.551902
1886:10:16:0 -0.615459 -0.604702 -0.0714716 -0.277373
1886:11:16:0 -0.757583 -0.529951 0.0558038 -0.52051
1886:12:16:0 -0.995504 -0.762519 0.0692958 -0.648892
1887:1:16:0 -0.506989 -0.698299 -0.125149 -0.0952654
1887:2:16:0 -0.341125 -0.726971 0.134761 -0.0450202
1887:3:16:0 -0.618594 -0.823425 0.243282 -0.328522
1887:4:16:0 -0.748773 -0.653709 0.169688 -0.506763
1887:5:16:0 -0.723152 -0.48564 0.178802 -0.569733
1887:6:16:0 -0.327488 -0.135307 -0.214294 -0.152688
1887:7:16:0 -0.261929 0.0196937 -0.30714 -0.118206
1887:8:16:0 -0.304354 -0.341843 0.029257 -0.148061
1887:9:16:0 -0.286264 -0.0543849 -0.0610453 -0.228549
1887:10:16:0 -0.0879162 -0.0880971 -0.0551508 -0.0162923
1887:11:16:0 0.069995 0.120986 -0.25543 0.137217
1887:12:16:0 -0.0101329 0.1923 -0.0045153 -0.104025
1888:1:16:0 -0.0447582 0.155019 0.13432 -0.189428
1888:2:16:0 0.35263 0.220255 0.081821 0.201592
1888:3:16:0 0.336594 0.279019 0.0218064 0.186182
1888:4:16:0 0.294659 0.483181 -0.187777 0.146957
1888:5:16:0 0.218835 0.798728 -0.211358 -0.0748499
1888:6:16:0 0.272861 0.929439 -0.525777 0.0710295
1888:7:16:0 0.338059 0.528659 -0.441266 0.294362
1888:8:16:0 0.476394 0.463251 -0.396957 0.443247
1888:9:16:0 0.0192384 1.51823 -0.18612 -0.646818
1888:10:16:0 0.922297 1.61993 -0.517833 0.371249
1888:11:16:0 1.22682 1.71689 -0.408977 0.572863
1888:12:16:0 0.843821 1.35203 -0.0495335 0.192575
1889:1:16:0 0.923841 1.49977 -0.481403 0.41466
1889:2:16:0 0.730827 1.00371 -0.428982 0.443464
1889:3:16:0 0.473398 0.759927 -0.194699 0.190784
1889:4:16:0 0.256727 0.536265 -0.0757734 0.0264817
1889:5:16:0 0.258697 0.253923 -0.0267654 0.145118
1889:6:16:0 -0.100226 -0.0576026 0.142819 -0.142835
1889:7:16:0 -0.254907 -0.326734 0.076685 -0.129883
1889:8:16:0 -0.352244 -0.548347 -0.00377458 -0.0761831
1889:9:16:0 -0.405374 -0.594089 0.247073 -0.231867
1889:10:16:0 -0.79774 -0.83187 0.266496 -0.515053
1889:11:16:0 -0.727641 -0.545418 0.149161 -0.529512
1889:12:16:0 -0.847851 -0.260059 -0.037171 -0.699236
1890:1:16:0 -1.50404 -0.52467 0.0192571 -1.25133
1890:2:16:0 -1.28142 -0.513688 0.00480326 -1.02698
1890:3:16:0 -0.605742 -0.426285 -0.17933 -0.302934
1890:4:16:0 -0.538149 -0.649116 -0.193461 -0.11686
1890:5:16:0 -0.536174 -0.715823 -0.186798 -0.0848631
1890:6:16:0 -0.785166 -0.907733 -0.119242 -0.271679
1890:7:16:0 -0.726897 -0.746211 -0.120644 -0.29347
1890:8:16:0 -1.15863 -0.654517 6.34012e-05 -0.831402
1890:9:16:0 -1.0873 -0.622674 -0.0508306 -0.75055
1890:10:16:0 -0.954827 -0.669857 -0.000125184 -0.619836
1890:11:16:0 -0.88384 -0.728107 0.0163177 -0.527946
1890:12:16:0 -0.557538 -0.480268 -0.0516032 -0.291602
1891:1:16:0 -0.332905 -0.251654 -0.180847 -0.116654
1891:2:16:0 -0.130569 -0.107815 -0.368621 0.107648
1891:3:16:0 -0.00371272 0.18978 -0.174565 -0.0113201
1891:4:16:0 0.0959442 0.454597 -0.298496 0.0178937
1891:5:16:0 0.153653 0.592988 -0.255513 -0.0150845
1891:6:16:0 0.117924 0.530179 -0.351366 0.0285179
1891:7:16:0 0.0018294 0.510407 -0.397549 -0.0545997
1891:8:16:0 0.00281107 0.177041 -0.502705 0.165643
1891:9:16:0 -0.0320254 -0.166599 -0.377529 0.240039
1891:10:16:0 0.0220122 -0.220988 -0.165887 0.21545
1891:11:16:0 0.0795483 -0.0954155 -0.119439 0.186976
1891:12:16:0 0.0200976 -0.010685 -0.10839 0.0796352
1892:1:16:0 -0.299519 -0.0783632 0.0222851 -0.27148
1892:2:16:0 -0.22421 -0.244264 0.0758541 -0.140006
1892:3:16:0 -0.413931 -0.50321 0.0701445 -0.197398
1892:4:16:0 -0.568921 -0.59514 0.063605 -0.303154
1892:5:16:0 -0.349248 -0.682796 0.10837 -0.0620354
1892:6:16:0 -0.359345 -0.705405 0.0612872 -0.037286
1892:7:16:0 -0.462181 -0.715445 -0.153285 -0.0278159
1892:8:16:0 -0.549046 -0.921828 -0.0345731 -0.0708448
1892:9:16:0 -0.817279 -1.10441 0.107297 -0.318723
1892:10:16:0 -1.15591 -1.37444 -0.0707987 -0.433293
1892:11:16:0 -1.13905 -1.20922 0.043536 -0.556213
1892:12:16:0 -0.69208 -1.16166 -0.123186 -0.0496548
1893:1:16:0 -0.484818 -1.23339 -0.0482325 0.155995
1893:2:16:0 -0.515243 -1.03358 -0.0754876 0.039292
1893:3:16:0 -0.678691 -0.838282 0.181917 -0.350508
1893:4:16:0 -0.974411 -0.828278 0.237174 -0.678859
1893:5:16:0 -0.959424 -0.757767 0.236113 -0.698598
1893:6:16:0 -0.990631 -0.773068 0.355 -0.781597
1893:7:16:0 -1.27037 -0.806124 0.583057 -1.15884
1893:8:16:0 -1.26051 -0.817048 0.413399 -1.05868
1893:9:16:0 -1.21268 -0.658811 0.139204 -0.952874
1893:10:16:0 -1.18716 -0.538289 0.0107485 -0.92339
1893:11:16:0 -1.04623 -0.235962 -0.0558089 -0.90034
1893:12:16:0 -0.859866 -0.46346 -0.100956 -0.577658
1894:1:16:0 -0.892831 -0.291594 -0.0654781 -0.714295
1894:2:16:0 -1.0379 -0.44013 0.0390042 -0.83734
1894:3:16:0 -0.86462 -0.451965 -0.0939499 -0.591662
1894:4:16:0 -0.784024 -0.470034 0.0184819 -0.558248
1894:5:16:0 -0.743928 -0.506137 0.037605 -0.509662
1894:6:16:0 -0.707381 -0.406218 -0.121741 -0.443402
1894:7:16:0 -0.641086 -0.178335 -0.0109944 -0.546421
1894:8:16:0 -0.584727 -0.330384 -0.163669 -0.3377
1894:9:16:0 -0.831477 -0.426115 0.00563315 -0.621235
1894:10:16:0 -0.633656 -0.393436 -0.116224 -0.378826
1894:11:16:0 -0.667616 -0.564568 -0.168004 -0.30133
1894:12:16:0 -0.43574 -0.326106 -0.220524 -0.162425
1895:1:16:0 -0.547042 -0.368803 -0.145327 -0.289977
1895:2:16:0 -0.339821 -0.3969 -0.151374 -0.0656843
1895:3:16:0 -0.280745 -0.610321 -0.176873 0.112852
1895:4:16:0 -0.264844 -0.383526 -0.203632 0.0287353
1895:5:16:0 -0.2335 -0.268622 -0.186957 -0.00571084
1895:6:16:0 -0.235011 -0.291391 0.0840513 -0.131341
1895:7:16:0 -0.152372 -0.125738 -0.0260453 -0.0764806
1895:8:16:0 0.312306 0.25146 -0.111744 0.242448
1895:9:16:0 0.214017 0.324766 -0.104764 0.104016
1895:10:16:0 0.0161161 0.536123 -0.0832606 -0.210315
1895:11:16:0 0.148309 0.550775 -0.193499 -0.0303288
1895:12:16:0 0.0925567 0.56697 -0.0946158 -0.143621
1896:1:16:0 -0.0405492 0.532867 0.151711 -0.382838
1896:2:16:0 -0.102119 0.30341 0.0890712 -0.29836
1896:3:16:0 0.0769907 0.0928253 -0.0484205 0.0547882
1896:4:16:0 0.00418945 0.152626 0.0721234 -0.108185
1896:5:16:0 0.0980885 0.39013 -0.0400989 -0.0769271
1896:6:16:0 -0.168689 0.536778 -0.106569 -0.383793
1896:7:16:0 0.3554 0.592293 -0.175506 0.147007
1896:8:16:0 0.644706 1.07433 -0.47495 0.345018
1896:9:16:0 0.663586 1.04841 -0.53269 0.405727
1896:10:16:0 0.556545 0.810588 -0.626777 0.464639
1896:11:16:0 0.751737 1.50696 -0.321451 0.158984
1896:12:16:0 0.685066 1.39584 -0.332303 0.153299
1897:1:16:0 0.638672 1.07874 -0.318641 0.258623
1897:2:16:0 0.513893 0.899691 -0.0902938 0.109194
1897:3:16:0 0.288189 0.804048 -0.0809411 -0.0733649
1897:4:16:0 -0.0215415 0.468352 0.11615 -0.313793
1897:5:16:0 -0.0230115 0.443026 0.048356 -0.268702
1897:6:16:0 0.0417286 0.313488 0.0277887 -0.12891
1897:7:16:0 0.166874 0.203518 -0.0504919 0.0903607
1897:8:16:0 0.147277 0.207907 0.0438874 0.02138
1897:9:16:0 0.0958719 -0.0875273 -0.0814529 0.180362
1897:10:16:0 -0.160307 0.103063 0.413062 -0.418369
1897:11:16:0 -0.41543 -0.100857 0.309111 -0.519557
1897:12:16:0 -0.408043 -0.284732 0.240018 -0.385686
1898:1:16:0 -0.531936 -0.321908 0.219138 -0.480551
1898:2:16:0 -0.455114 -0.352771 0.12144 -0.339449
1898:3:16:0 -0.434751 -0.402583 0.0409823 -0.253951
1898:4:16:0 -0.252476 -0.398654 -0.0210685 -0.0426148
1898:5:16:0 -0.292532 -0.525275 0.0206735 -0.0402313
1898:6:16:0 -0.194889 -0.517389 -0.175687 0.151649
1898:7:16:0 -0.377342 -0.0114102 -0.417443 -0.162915
1898:8:16:0 -0.553099 -0.0790284 -0.517851 -0.254659
1898:9:16:0 -0.37813 -0.497448 -0.246055 -0.00637841
1898:10:16:0 -0.222822 -0.00662437 0.0926128 -0.265816
1898:11:16:0 -0.42796 -0.0541007 0.0415104 -0.421665
1898:12:16:0 -0.572627 -0.0955168 -0.0219543 -0.513892
1899:1:16:0 -0.678546 0.0532146 0.0544762 -0.732392
1899:2:16:0 -0.583899 -0.115553 0.0736461 -0.562945
1899:3:16:0 -0.44118 0.0692949 0.099206 -0.525431
1899:4:16:0 -0.253126 0.0867882 0.0390602 -0.31605
1899:5:16:0 -0.0369544 0.259511 -0.0237413 -0.154839
1899:6:16:0 -0.0883155 0.351651 -0.0503595 -0.238962
1899:7:16:0 0.137027 0.00146248 -0.00485592 0.138724
1899:8:16:0 0.323296 1.03697 -0.076441 -0.15697
1899:9:16:0 0.0803612 1.02708 -0.33472 -0.265818
1899:10:16:0 0.598285 0.941745 -0.507668 0.381246
1899:11:16:0 0.780459 1.00446 -0.384425 0.470442
1899:12:16:0 0.879754 0.842952 -0.328887 0.622722
1900:1:16:0 0.711474 1.16343 -0.312296 0.285908
1900:2:16:0 0.586319 1.23941 -0.0315646 -0.0176035
1900:3:16:0 0.511423 1.14145 -0.0342994 -0.0421542
1900:4:16:0 0.442401 0.845417 0.0863237 -0.0234697
1900:5:16:0 0.405021 0.689611 0.0602828 0.0300745
1900:6:16:0 0.422228 0.805619 0.141064 -0.0511131
1900:7:16:0 0.484902 0.564427 0.0951126 0.155133
1900:8:16:0 0.499254 0.288867 0.0600004 0.324821
1900:9:16:0 0.467335 0.267398 0.0207937 0.323239
1900:10:16:0 0.452596 -0.0147387 -0.188184 0.554057
1900:11:16:0 0.346276 -0.0182597 -0.119274 0.415043
1900:12:16:0 0.603209 0.11157 0.114237 0.490306
1901:1:16:0 0.628764 0.106347 -0.0330287 0.592105
1901:2:16:0 0.299925 -0.0390454 -0.119878 0.379387
1901:3:16:0 0.231316 -0.26976 -0.0645178 0.398455
1901:4:16:0 0.159228 -0.245545 0.0559875 0.254007
1901:5:16:0 0.113501 -0.514262 0.0837201 0.328772
1901:6:16:0 -0.034913 -0.577979 0.0837416 0.212206
1901:7:16:0 0.0229983 -0.440124 -0.13606 0.31109
1901:8:16:0 0.0774065 -0.282678 -0.169736 0.303614
1901:9:16:0 -0.148384 -0.320282 -0.147526 0.0855194
1901:10:16:0 -0.097717 -0.0146049 -0.0481427 -0.0663432
1901:11:16:0 -0.242956 0.408068 -0.154754 -0.369613
1901:12:16:0 -0.225412 0.483061 -0.0706943 -0.431595
1902:1:16:0 -0.305376 0.527935 0.078252 -0.608469
1902:2:16:0 -0.138056 0.440435 0.0185714 -0.367559
1902:3:16:0 -0.25624 0.650558 0.0604846 -0.611761
1902:4:16:0 0.266884 0.510539 0.0987037 -0.0377375
1902:5:16:0 0.611485 0.593539 -0.401002 0.515217
1902:6:16:0 0.530381 1.05961 -0.483714 0.242432
1902:7:16:0 0.746126 1.19616 -0.413137 0.354615
1902:8:16:0 0.689243 0.847173 -0.419059 0.475186
1902:9:16:0 0.903922 0.906654 -0.661729 0.78146
1902:10:16:0 0.830726 1.38498 -0.595162 0.435819
1902:11:16:0 0.775775 1.21308 -0.560581 0.449526
1902:12:16:0 0.601405 0.621308 -0.46016 0.520831
1903:1:16:0 0.709461 0.347442 -0.315717 0.693599
1903:2:16:0 0.804327 -0.308112 -0.0916605 1.00421
1903:3:16:0 0.725229 -0.249807 -0.268466 0.984365
1903:4:16:0 0.480756 -0.540576 -0.160533 0.831311
1903:5:16:0 0.245771 -0.30899 -0.0962577 0.448395
1903:6:16:0 0.495922 -0.034288 -0.477277 0.751704
1903:7:16:0 -0.0227958 -0.468195 -0.163546 0.293075
1903:8:16:0 0.214533 -0.709086 -0.167506 0.652829
1903:9:16:0 -0.0666073 -0.782292 -0.187603 0.41834
1903:10:16:0 -0.124761 -0.817907 -0.145696 0.357041
1903:11:16:0 -0.252989 -0.534418 -0.28361 0.156025
1903:12:16:0 -0.337867 -0.676444 -0.153932 0.0773211
1904:1:16:0 -0.67121 -0.0660707 -0.035594 -0.620377
1904:2:16:0 -0.436257 -0.482471 -0.211838 -0.0891019
1904:3:16:0 -0.255835 -0.654604 -0.138754 0.140843
1904:4:16:0 -0.265733 -0.650625 -0.299486 0.209322
1904:5:16:0 -0.40004 0.080627 -0.30243 -0.289138
1904:6:16:0 -0.103591 0.0157986 -0.309217 0.0431176
1904:7:16:0 0.233522 0.520524 -0.308902 0.127711
1904:8:16:0 0.137444 0.835281 -0.563333 0.00147015
1904:9:16:0 0.0531236 0.513034 -0.323582 -0.0416025
1904:10:16:0 0.512176 0.74528 -0.415669 0.34737
1904:11:16:0 -0.148761 0.744264 -0.307063 -0.367362
1904:12:16:0 0.486115 0.495835 -0.119262 0.297829
1905:1:16:0 0.30973 0.515159 -0.417515 0.260908
1905:2:16:0 0.586362 0.129875 -0.298132 0.670491
1905:3:16:0 0.509554 0.633441 -0.230588 0.308128
1905:4:16:0 0.247311 0.0824104 -0.162626 0.287419
1905:5:16:0 0.579719 1.26897 -0.339487 0.114975
1905:6:16:0 0.325784 1.13425 -0.0407161 -0.220985
1905:7:16:0 0.704068 0.828345 -0.381559 0.480676
1905:8:16:0 0.689637 1.17663 -0.473925 0.338283
1905:9:16:0 0.970451 0.82142 -0.514185 0.816834
1905:10:16:0 0.612369 0.631202 -0.343425 0.46848
1905:11:16:0 0.561107 1.18556 -0.356983 0.146817
1905:12:16:0 0.594551 0.276892 -0.250943 0.581577
1906:1:16:0 0.319374 0.449048 -0.347097 0.268398
1906:2:16:0 0.424646 0.446757 -0.237769 0.320152
1906:3:16:0 0.853902 -0.0531076 -0.385716 1.07331
1906:4:16:0 0.382615 -0.0509941 -0.264776 0.5405
1906:5:16:0 0.196096 -0.0662637 -0.124024 0.29124
1906:6:16:0 0.240287 -0.0767628 -0.159521 0.358428
1906:7:16:0 0.0764033 -0.858809 0.00443774 0.503589
1906:8:16:0 0.239837 -1.04564 0.165084 0.680114
1906:9:16:0 -0.483517 -1.07101 0.247135 -0.0715811
1906:10:16:0 -0.539532 -0.770796 0.148448 -0.228358
1906:11:16:0 -0.00509353 -0.459594 -0.0726444 0.261026
1906:12:16:0 -0.159819 -0.489308 0.0410363 0.0643173
1907:1:16:0 -0.272972 -0.442768 -0.123817 0.0103203
1907:2:16:0 -0.239331 -0.18527 -0.230833 -0.0312793
1907:3:16:0 -0.230656 -0.359585 -0.236011 0.0671421
1907:4:16:0 -0.318347 -0.479696 -0.332547 0.0877751
1907:5:16:0 -0.144669 -0.658758 -0.234158 0.301789
1907:6:16:0 -0.0785906 -0.253714 0.0142141 0.0411595
1907:7:16:0 -0.098094 -0.710474 -0.0240124 0.269149
1907:8:16:0 -0.0981614 -1.05341 -0.119246 0.488167
1907:9:16:0 0.0903968 -0.102152 -0.30919 0.296068
1907:10:16:0 -0.284393 -0.586758 0.110649 -0.0463388
1907:11:16:0 -0.0865618 -0.419393 0.110813 0.067728
1907:12:16:0 -0.123005 -0.432262 -0.0690275 0.127639
1908:1:16:0 -0.27247 -0.213179 -0.223294 -0.0542335
1908:2:16:0 -0.129656 -0.0256043 -0.215857 -0.00892566
1908:3:16:0 -0.320321 0.0222911 -0.0663781 -0.298277
1908:4:16:0 -0.224972 -0.861676 -0.0300632 0.220898
1908:5:16:0 -0.0681022 -0.814632 -0.00635119 0.342389
1908:6:16:0 -0.306901 0.0759985 -0.162033 -0.263883
1908:7:16:0 -0.329226 -0.592459 0.0318193 -0.0489063
1908:8:16:0 -0.31495 -0.520976 -0.152685 0.0218799
1908:9:16:0 -0.225856 -0.766034 -0.106179 0.210251
1908:10:16:0 -0.326679 -0.437027 -0.1756 -0.0203653
1908:11:16:0 -0.557693 -0.863931 -0.0699574 -0.0907488
1908:12:16:0 -0.699305 -0.86399 -0.279855 -0.127382
1909:1:16:0 -0.297452 0.057427 -0.194158 -0.229087
1909:2:16:0 -0.484366 -0.780479 -0.108525 -0.039864
1909:3:16:0 -0.334273 -0.185848 -0.340726 -0.070986
1909:4:16:0 -0.366891 -0.680856 -0.196291 0.0716828
1909:5:16:0 0.0396914 -0.662119 0.0517267 0.344887
1909:6:16:0 -0.622683 -1.1968 0.17161 -0.110086
1909:7:16:0 -0.652292 -0.932763 0.192009 -0.281915
1909:8:16:0 -0.759741 -1.17937 0.278725 -0.309417
1909:9:16:0 -0.557675 -1.15606 0.233229 -0.0962583
1909:10:16:0 -0.855099 -1.03891 0.121365 -0.396329
1909:11:16:0 -0.989328 -1.0966 0.0465837 -0.464318
1909:12:16:0 -0.737907 -0.833147 0.0313143 -0.336991
1910:1:16:0 -0.896792 -1.05394 0.144478 -0.442059
1910:2:16:0 -0.632677 -0.603338 0.046212 -0.354114
1910:3:16:0 -0.743091 -0.743367 -0.223828 -0.259493
1910:4:16:0 -0.934706 -0.741451 -0.188773 -0.469594
1910:5:16:0 -0.990068 -0.974039 0.072663 -0.53938
1910:6:16:0 -0.901487 -0.828502 -0.0258503 -0.474311
1910:7:16:0 -0.754338 -0.688096 0.307891 -0.564236
1910:8:16:0 -0.737955 -0.658916 0.176932 -0.496963
1910:9:16:0 -1.00721 -0.807803 0.119011 -0.662817
1910:10:16:0 -0.873036 -0.871233 0.189633 -0.532237
1910:11:16:0 -0.690151 -0.589152 -0.012543 -0.389303
1910:12:16:0 -0.575062 -0.769222 -0.0668375 -0.157032
1911:1:16:0 -0.468737 -0.559894 -0.0265152 -0.175533
1911:2:16:0 -0.431271 -0.576098 -0.341888 0.0277216
1911:3:16:0 -0.624067 -0.621915 -0.0462783 -0.28997
1911:4:16:0 -0.828237 -0.925183 0.0400838 -0.385687
1911:5:16:0 -0.611137 -0.993943 -0.227393 -0.000469208
1911:6:16:0 -0.672912 -0.425162 -0.234162 -0.34325
1911:7:16:0 -0.533156 0.0527038 -0.343501 -0.387757
1911:8:16:0 -0.729642 0.52617 -0.406023 -0.789715
1911:9:16:0 -0.346174 0.910908 -0.544808 -0.529224
1911:10:16:0 -0.211161 0.591501 -0.496499 -0.258662
1911:11:16:0 0.340059 0.864327 -0.655889 0.235841
1911:12:16:0 0.128424 1.25429 -0.432671 -0.282387
1912:1:16:0 0.531792 1.00014 -0.653699 0.358573
1912:2:16:0 0.439785 0.681837 -0.477835 0.337785
1912:3:16:0 0.464148 0.402639 -0.411709 0.468683
1912:4:16:0 0.403982 0.497229 -0.269552 0.290144
1912:5:16:0 0.00223252 0.179055 -0.355512 0.0904609
1912:6:16:0 -0.016016 -0.00941548 -0.154325 0.0658542
1912:7:16:0 0.0353378 -0.530966 -0.105955 0.353798
1912:8:16:0 -0.153474 -0.282408 -0.0736362 0.0245476
1912:9:16:0 -0.0259233 0.0589816 -0.142526 0.0158486
1912:10:16:0 -0.127259 -0.150268 -0.130542 0.0131456
1912:11:16:0 0.0209434 -0.259174 -0.152627 0.226844
1912:12:16:0 -0.280178 -0.302832 -0.20835 -0.0245869
1913:1:16:0 -0.315287 0.111905 -0.34499 -0.198744
1913:2:16:0 0.181628 0.243235 -0.286859 0.20344
1913:3:16:0 0.159397 -0.243981 -0.401271 0.482023
1913:4:16:0 -0.34682 -1.1996 -0.261986 0.383971
1913:5:16:0 -0.17237 -0.517882 -0.431779 0.30246
1913:6:16:0 -0.285614 -0.0860122 -0.226668 -0.129274
1913:7:16:0 -0.338188 -0.00134608 -0.293441 -0.190794
1913:8:16:0 -0.348267 0.331975 -0.347474 -0.340517
1913:9:16:0 0.0160955 0.299415 -0.499366 0.116071
1913:10:16:0 -0.157155 0.830697 -0.431533 -0.356737
1913:11:16:0 0.186964 0.681165 -0.326711 0.00973739
1913:12:16:0 0.18204 0.893167 -0.33 -0.0995436
1914:1:16:0 0.0407172 0.692726 -0.400316 -0.105488
1914:2:16:0 0.359652 0.2967 -0.419298 0.420951
1914:3:16:0 0.153936 0.372868 -0.249934 0.0924685
1914:4:16:0 0.414065 -0.093406 -0.0931774 0.507357
1914:5:16:0 0.204366 -0.280446 -0.0671202 0.378149
1914:6:16:0 0.0727228 -0.0256268 -0.376948 0.27401
1914:7:16:0 0.211898 0.403798 -0.464114 0.242056
1914:8:16:0 0.457809 0.719024 -0.5494 0.372997
1914:9:16:0 0.28062 0.930295 -0.394333 0.0126388
1914:10:16:0 0.162426 0.7582 -0.460735 0.0136935
1914:11:16:0 0.151603 0.550775 -0.479967 0.116199
1914:12:16:0 0.310217 0.733719 -0.484182 0.185449
1915:1:16:0 0.468622 0.560639 -0.420076 0.398341
1915:2:16:0 0.493255 0.370606 -0.463152 0.539528
1915:3:16:0 0.43493 0.462233 -0.368548 0.388088
1915:4:16:0 0.313966 0.715347 -0.310526 0.111555
1915:5:16:0 0.369283 1.03114 -0.127759 -0.082409
1915:6:16:0 0.60906 1.4989 -0.0457442 -0.117517
1915:7:16:0 0.208073 0.350203 0.191498 -0.0627773
1915:8:16:0 0.138593 4.87646e-05 0.255232 0.0109524
1915:9:16:0 0.208267 -0.0964546 0.255635 0.128677
1915:10:16:0 0.287275 -0.258896 0.0712105 0.381117
1915:11:16:0 0.0042637 -0.445005 -0.04133 0.247431
1915:12:16:0 0.101979 -0.603066 0.07694 0.365041
1916:1:16:0 0.0754211 -0.415907 0.00241779 0.282166
1916:2:16:0 -0.169057 -0.901808 0.00721695 0.278239
1916:3:16:0 -0.0932384 -0.674937 0.00233563 0.243062
1916:4:16:0 -0.0193418 -0.64672 0.0787324 0.264652
1916:5:16:0 0.215233 -0.86897 -0.101603 0.70052
1916:6:16:0 0.0539882 -0.958337 -0.102999 0.584656
1916:7:16:0 -0.56521 -1.51657 -0.0625751 0.224362
1916:8:16:0 -0.891923 -1.57958 0.202301 -0.203284
1916:9:16:0 -0.912016 -1.49086 0.184458 -0.258816
1916:10:16:0 -0.719875 -1.47318 0.158387 -0.0624799
1916:11:16:0 -0.995338 -1.58584 -0.0360705 -0.184381
1916:12:16:0 -0.826905 -1.03805 -0.0725108 -0.271623
1917:1:16:0 -0.806908 -0.913938 -0.121606 -0.289136
1917:2:16:0 -0.541689 -1.11375 -0.226356 0.128363
1917:3:16:0 -0.468157 -0.899998 -0.402278 0.182981
1917:4:16:0 -0.493401 -0.320879 -0.294238 -0.185842
1917:5:16:0 -0.604045 -0.163475 -0.453666 -0.295475
1917:6:16:0 -0.467352 -0.0905933 -0.323932 -0.26009
1917:7:16:0 -0.384307 0.449221 -0.239527 -0.489154
1917:8:16:0 -0.309184 0.213131 -0.0976083 -0.366945
1917:9:16:0 -0.354573 -0.0673902 -0.00334083 -0.319208
1917:10:16:0 -0.206651 -0.354405 -0.10074 0.0209212
1917:11:16:0 -0.470278 -0.451526 -0.190973 -0.149029
1917:12:16:0 -0.503726 -0.894124 -0.258394 0.0725329
1918:1:16:0 -0.513391 -0.701423 -0.31361 -0.0058741
1918:2:16:0 -0.506582 -0.533736 -0.42851 -0.025459
1918:3:16:0 -0.466545 -0.271499 -0.285006 -0.188292
1918:4:16:0 -0.445697 0.116374 -0.352341 -0.327713
1918:5:16:0 -0.280771 0.619561 -0.356234 -0.412435
1918:6:16:0 0.103564 1.16715 -0.419479 -0.270272
1918:7:16:0 -0.120132 1.24084 -0.384595 -0.548253
1918:8:16:0 0.0439119 1.08173 -0.527666 -0.23312
1918:9:16:0 0.293912 1.10557 -0.593599 0.0379262
1918:10:16:0 0.506097 1.29622 -0.475101 0.0955347
1918:11:16:0 0.517401 1.34115 -0.471128 0.0823909
1918:12:16:0 0.49329 1.15158 -0.498598 0.166797
1919:1:16:0 0.756968 1.04361 -0.296842 0.383585
1919:2:16:0 0.586831 0.628314 -0.137757 0.341552
1919:3:16:0 0.62899 0.336855 -0.125036 0.523081
1919:4:16:0 0.514275 0.5862 -0.0878265 0.265088
1919:5:16:0 0.562183 0.883433 -0.121834 0.181383
1919:6:16:0 0.419403 0.803315 -0.118275 0.0768839
1919:7:16:0 0.158436 0.466837 -0.251116 0.0505756
1919:8:16:0 0.334276 0.317672 -0.291804 0.321342
1919:9:16:0 0.254806 0.517009 -0.234793 0.113698
1919:10:16:0 0.00905161 0.204154 -0.401062 0.107506
1919:11:16:0 -0.293772 -0.289834 -0.302902 0.00259626
1919:12:16:0 0.195083 0.191899 -0.237069 0.217668
1920:1:16:0 0.234842 0.707666 -0.413507 0.0877627
1920:2:16:0 0.215312 0.568943 -0.383126 0.122404
1920:3:16:0 0.279317 0.327662 -0.307208 0.26909
1920:4:16:0 -0.0566016 0.285296 -0.156636 -0.120932
1920:5:16:0 0.0575183 0.419726 0.0508409 -0.177765
1920:6:16:0 0.236798 -0.0926725 -0.0629323 0.314601
1920:7:16:0 0.204206 -0.881671 -0.241823 0.765953
1920:8:16:0 0.140803 -0.267175 -0.152057 0.350419
1920:9:16:0 0.245665 -0.353168 -0.15357 0.499034
1920:10:16:0 0.562702 -0.706194 -0.175999 1.0038
1920:11:16:0 -0.0433323 -0.185272 -0.247719 0.173163
1920:12:16:0 -0.297533 -0.00449635 -0.200104 -0.195233
1921:1:16:0 0.0102333 -0.234608 -0.0721415 0.163608
1921:2:16:0 -0.389751 -0.211166 -0.111716 -0.22831
1921:3:16:0 -0.881357 -0.498697 -0.0754868 -0.594266
1921:4:16:0 -0.216338 -0.523109 -0.2975 0.193966
1921:5:16:0 -0.596192 -0.395411 -0.154153 -0.32141
1921:6:16:0 -0.349087 -0.367905 0.133464 -0.231866
1921:7:16:0 -0.193316 -0.290636 0.00499844 -0.0504975
1921:8:16:0 -0.0193588 -0.720371 -0.0823874 0.38202
1921:9:16:0 -0.120201 -0.766339 0.0131446 0.256396
1921:10:16:0 0.0149776 -0.272714 -0.0254528 0.164061
1921:11:16:0 -0.449287 -0.321672 -0.0129391 -0.281982
1921:12:16:0 -0.0114664 -0.535271 -0.0796043 0.295971
1922:1:16:0 -0.27235 -0.570863 -0.115819 0.0709913
1922:2:16:0 0.107609 0.17624 -0.354052 0.196515
1922:3:16:0 0.160835 -0.15657 -0.320478 0.399359
1922:4:16:0 -0.240925 -0.152767 -0.120946 -0.104068
1922:5:16:0 0.15705 -0.171057 -0.14365 0.314403
1922:6:16:0 -0.272752 -0.702176 -0.149615 0.153144
1922:7:16:0 -0.0219467 -0.80638 -0.1816 0.472044
1922:8:16:0 -0.18667 -1.0033 -0.427116 0.528537
1922:9:16:0 -0.14331 -0.963426 -0.425726 0.551265
1922:10:16:0 -0.211394 -0.568168 -0.163928 0.154655
1922:11:16:0 -0.0788924 -1.1188 0.00886149 0.476079
1922:12:16:0 -0.434695 -0.819891 -0.0412959 -0.00410202
1923:1:16:0 -0.146118 -0.225536 -0.0898169 0.0115588
1923:2:16:0 -0.247301 -0.155858 -0.165427 -0.086658
1923:3:16:0 -0.194774 -0.539478 -0.303203 0.226566
1923:4:16:0 -0.0345743 0.0419993 -0.448933 0.168892
1923:5:16:0 -0.0650619 -0.175863 -0.355278 0.200509
1923:6:16:0 -0.035304 0.281591 -0.227132 -0.0625338
1923:7:16:0 -0.186053 0.419429 -0.318424 -0.236555
1923:8:16:0 0.068077 -0.107649 -0.520654 0.382228
1923:9:16:0 0.318468 0.115913 -0.693547 0.607284
1923:10:16:0 0.502666 0.0900257 -0.479265 0.697286
1923:11:16:0 0.60607 0.150788 -0.323381 0.692367
1923:12:16:0 0.432231 0.167203 -0.384926 0.541093
1924:1:16:0 0.168545 -0.531823 -0.350388 0.60965
1924:2:16:0 0.185685 -0.267187 -0.227355 0.432956
1924:3:16:0 0.337887 -0.620968 -0.242851 0.769796
1924:4:16:0 0.0720553 -0.499864 -0.0539204 0.348947
1924:5:16:0 -0.311154 -0.961644 0.136858 0.101239
1924:6:16:0 -0.104196 -0.79331 0.0809891 0.251965
1924:7:16:0 -0.319395 -0.809612 0.0984045 0.0362093
1924:8:16:0 -0.448638 -0.755592 0.0238727 -0.0827782
1924:9:16:0 -0.459044 -0.804603 0.129921 -0.121703
1924:10:16:0 -0.418326 -0.514683 0.087561 -0.204765
1924:11:16:0 -0.781905 -0.635205 0.0659553 -0.49728
1924:12:16:0 -0.389788 -0.71427 -0.247058 0.0908759
1925:1:16:0 -0.764607 -0.589257 0.011927 -0.475942
1925:2:16:0 -0.581565 0.396024 -0.377059 -0.591047
1925:3:16:0 -0.478659 0.477884 -0.254695 -0.590254
1925:4:16:0 -0.302462 0.522735 -0.423313 -0.352173
1925:5:16:0 -0.268715 0.134185 -0.340873 -0.165372
1925:6:16:0 -0.446388 0.609471 -0.280417 -0.610915
1925:7:16:0 0.109365 0.751848 -0.313752 -0.109683
1925:8:16:0 0.291584 0.814043 -0.40585 0.0874877
1925:9:16:0 0.459557 0.704628 -0.410981 0.312733
1925:10:16:0 0.468324 0.71831 -0.435874 0.327106
1925:11:16:0 0.670921 0.765877 -0.437517 0.506741
1925:12:16:0 0.807258 1.1022 -0.251267 0.381792
1926:1:16:0 0.643226 1.20384 -0.42218 0.252398
1926:2:16:0 0.765399 0.767422 -0.0221186 0.392747
1926:3:16:0 0.733702 0.933673 -0.134855 0.334293
1926:4:16:0 0.495398 0.762566 0.123331 0.052449
1926:5:16:0 0.636417 0.733555 0.160203 0.189538
1926:6:16:0 0.591383 0.402629 0.0087976 0.38567
1926:7:16:0 0.414052 0.606927 -0.129124 0.17515
1926:8:16:0 0.268898 0.00219866 0.136524 0.199536
1926:9:16:0 0.160299 -0.219798 0.13301 0.203693
1926:10:16:0 -0.145941 0.00608324 0.141399 -0.219682
1926:11:16:0 -0.192289 -0.11528 -0.176247 -0.0465255
1926:12:16:0 -0.091011 0.172837 -0.0303284 -0.162265
1927:1:16:0 0.146883 0.191869 -0.107104 0.1045
1927:2:16:0 0.230389 0.53017 -0.142522 0.0365652
1927:3:16:0 -0.0895003 -0.0293856 0.0834908 -0.116553
1927:4:16:0 0.0606406 -0.0440974 0.100726 0.0323261
1927:5:16:0 -0.338899 -0.176882 -0.124739 -0.188088
1927:6:16:0 0.0146846 -0.157893 0.121237 0.0330124
1927:7:16:0 -0.0542208 -0.388578 -0.0323092 0.156223
1927:8:16:0 0.117251 -0.133168 -0.220442 0.294056
1927:9:16:0 -0.00389852 0.0210706 -0.265177 0.118155
1927:10:16:0 0.174404 -0.130311 -0.179146 0.329132
1927:11:16:0 -0.0192568 0.00747226 -0.039968 -0.00300897
1927:12:16:0 0.296476 -0.152883 -0.136602 0.441219
1928:1:16:0 0.430379 -0.0625129 0.0974276 0.412922
1928:2:16:0 0.229707 -0.0656341 -0.0357186 0.280383
1928:3:16:0 0.102396 0.0988536 -0.137064 0.121501
1928:4:16:0 0.142271 -0.1755 -0.0506147 0.255329
1928:5:16:0 0.227158 -0.106805 -0.199312 0.380217
1928:6:16:0 0.0983548 -0.443291 -0.183231 0.411616
1928:7:16:0 0.00513728 -0.398069 -0.259551 0.333947
1928:8:16:0 0.00197739 -0.386681 -0.168129 0.279383
1928:9:16:0 0.0554341 -0.347456 -0.082641 0.270482
1928:10:16:0 0.0206919 -0.435341 -0.0795098 0.278117
1928:11:16:0 0.0893307 -0.471728 -0.0557613 0.353075
1928:12:16:0 -0.152935 -0.516941 0.076797 0.0671374
1929:1:16:0 -0.147268 -0.545145 -0.2243 0.237455
1929:2:16:0 -0.102622 -0.142806 -0.16747 0.0525163
1929:3:16:0 -0.0477775 -0.0134819 -0.101332 0.00962927
1929:4:16:0 -0.0045946 0.44717 -0.340723 -0.0578182
1929:5:16:0 -0.107683 0.301811 -0.40261 -0.0572837
1929:6:16:0 0.0669942 0.324862 -0.386631 0.0978786
1929:7:16:0 0.157562 0.0465393 -0.549505 0.409045
1929:8:16:0 0.137328 0.0975386 -0.310119 0.243618
1929:9:16:0 0.181808 0.364554 -0.252335 0.125698
1929:10:16:0 0.271085 -0.0477777 -0.262584 0.426266
1929:11:16:0 0.260217 -0.00993379 -0.12148 0.325925
1929:12:16:0 0.501288 -0.0637453 -0.207445 0.636883
1930:1:16:0 0.497997 -0.406246 -0.406766 0.904502
1930:2:16:0 0.488877 -0.266874 -0.346844 0.795736
1930:3:16:0 0.441964 0.0336577 -0.464718 0.657494
1930:4:16:0 0.385959 0.426376 -0.509723 0.427633
1930:5:16:0 -0.0178983 0.184502 -0.462209 0.120956
1930:6:16:0 0.247741 0.413723 -0.417002 0.24938
1930:7:16:0 0.418639 0.734864 -0.436371 0.269393
1930:8:16:0 0.312445 0.966257 -0.168456 -0.0864557
1930:9:16:0 0.660335 1.05996 -0.452047 0.356378
1930:10:16:0 0.602926 1.45988 -0.0923961 -0.0808173
1930:11:16:0 0.953723 1.36876 -0.231204 0.384947
1930:12:16:0 0.648276 1.32163 -0.262186 0.118552
1931:1:16:0 0.76237 1.40363 -0.0661073 0.0936092
1931:2:16:0 0.920394 0.970774 -0.0406822 0.455348
1931:3:16:0 0.558628 1.03427 0.0858572 -0.00143385
1931:4:16:0 0.519064 0.917823 -0.144287 0.132296
1931:5:16:0 0.547427 0.240591 -0.105208 0.479735
1931:6:16:0 0.571116 0.146359 0.101281 0.447295
1931:7:16:0 0.457942 0.417742 0.118155 0.189993
1931:8:16:0 0.387099 -0.114968 0.0486451 0.42026
1931:9:16:0 -0.0453523 -0.195753 0.172142 -0.0335468
1931:10:16:0 0.00479038 0.24397 -0.0886893 -0.07285
1931:11:16:0 0.0553476 -0.229416 -0.0553411 0.197726
1931:12:16:0 -0.151674 -0.177019 0.12244 -0.124385
1932:1:16:0 -0.222153 0.361304 -0.147451 -0.329079
1932:2:16:0 -0.124257 0.593858 -0.0158939 -0.413239
1932:3:16:0 0.1624 0.610827 -0.167504 -0.0592608
1932:4:16:0 -0.0205456 0.463648 -0.154458 -0.17514
1932:5:16:0 0.0526334 0.92258 -0.429172 -0.19407
1932:6:16:0 0.0940163 0.91798 -0.269391 -0.230278
1932:7:16:0 -0.185348 0.539711 -0.351186 -0.279611
1932:8:16:0 0.0851302 0.497024 -0.396167 0.0347018
1932:9:16:0 0.099627 -0.0116919 -0.213651 0.212298
1932:10:16:0 0.12251 0.180116 -0.0869007 0.0759024
1932:11:16:0 0.0659288 -0.106471 -0.192138 0.215233
1932:12:16:0 -0.178893 -0.0861427 -0.254628 -0.00850749
1933:1:16:0 -0.0115849 -0.249323 -0.0235168 0.124835
1933:2:16:0 -0.12457 0.229307 -0.2002 -0.139123
1933:3:16:0 -0.100952 0.0521738 -0.092941 -0.0805684
1933:4:16:0 0.000651707 0.0422058 0.0201523 -0.0305273
1933:5:16:0 -0.318795 -0.352937 0.0426357 -0.163645
1933:6:16:0 -0.554607 -0.256839 0.040567 -0.446471
1933:7:16:0 -0.388445 -0.532607 -0.0643025 -0.0899896
1933:8:16:0 -0.593435 -0.391927 -0.0418462 -0.376549
1933:9:16:0 -0.660956 -0.436695 0.118551 -0.501885
1933:10:16:0 -0.936372 -0.520936 0.0979933 -0.7249
1933:11:16:0 -0.660447 -0.354987 0.0568381 -0.511372
1933:12:16:0 -0.862355 -0.474202 0.0518236 -0.651165
1934:1:16:0 -0.731474 -0.168182 0.132693 -0.713729
1934:2:16:0 -0.658158 -0.381389 -0.0991185 -0.417904
1934:3:16:0 -0.695364 0.0962088 -0.098942 -0.693997
1934:4:16:0 -0.345092 0.27068 -0.158358 -0.401253
1934:5:16:0 -0.437353 -0.0273986 -0.324757 -0.261275
1934:6:16:0 -0.272088 0.281934 -0.188726 -0.318692
1934:7:16:0 -0.315483 -0.369256 -0.0990495 -0.0813306
1934:8:16:0 -0.414218 0.287413 -0.0129106 -0.551469
1934:9:16:0 -0.345828 0.398042 -0.192672 -0.448512
1934:10:16:0 -0.242901 -0.116752 -0.0803092 -0.144371
1934:11:16:0 -0.13071 -0.19489 0.0299244 -0.048227
1934:12:16:0 -0.226185 -0.558064 0.0132109 0.046242
1935:1:16:0 -0.218438 -0.611761 -0.0801921 0.127539
1935:2:16:0 -0.0142642 -0.981539 0.140682 0.406165
1935:3:16:0 -0.166319 -0.198716 -0.086801 -0.0235607
1935:4:16:0 -0.323588 0.223314 -0.0722759 -0.399107
1935:5:16:0 -0.409432 0.157801 -0.0659725 -0.455346
1935:6:16:0 -0.210272 -0.28699 -0.174319 0.0203822
1935:7:16:0 -0.350424 -0.498927 -0.261163 0.0296211
1935:8:16:0 0.117049 0.146502 -0.0608405 0.074218
1935:9:16:0 0.104525 0.292608 -0.241526 0.0789842
1935:10:16:0 0.221893 0.0554738 -0.20153 0.294921
1935:11:16:0 0.201812 0.319333 -0.150062 0.117176
1935:12:16:0 -0.0229463 0.252315 -0.108912 -0.0946479
1936:1:16:0 0.313263 -0.103054 -0.163048 0.446314
1936:2:16:0 0.222781 0.273213 -0.0112701 0.0918101
1936:3:16:0 0.124086 0.0318478 -0.0432367 0.12978
1936:4:16:0 0.30772 0.272603 -0.181555 0.262196
1936:5:16:0 0.404242 0.0872672 -0.293827 0.507522
1936:6:16:0 -0.00306853 -0.231087 0.00314781 0.110901
1936:7:16:0 -0.0301339 0.169845 0.0351084 -0.132611
1936:8:16:0 -0.0799775 -0.113655 0.0898938 -0.0680968
1936:9:16:0 0.0109154 0.235565 -0.0269041 -0.0934148
1936:10:16:0 0.298156 0.515937 0.0136075 0.0333832
1936:11:16:0 0.0128974 0.24801 0.0769875 -0.149601
1936:12:16:0 0.428517 0.168098 0.130912 0.279012
1937:1:16:0 -0.0832094 0.278151 -0.0386151 -0.202977
1937:2:16:0 0.313386 0.252242 -0.0110433 0.192787
1937:3:16:0 0.610287 -0.325186 -0.0715994 0.80868
1937:4:16:0 0.165338 0.106415 -0.0441722 0.134216
1937:5:16:0 -0.0644447 -0.536415 -0.0116131 0.20957
1937:6:16:0 -0.152565 -0.230999 0.158525 -0.116328
1937:7:16:0 0.239352 0.0818801 -0.0428918 0.219858
1937:8:16:0 0.0305249 -0.254108 -0.0927361 0.203947
1937:9:16:0 0.084984 0.20976 -0.0335763 -0.00310787
1937:10:16:0 0.0440528 -0.234322 0.00177671 0.160325
1937:11:16:0 0.260558 -0.343506 0.204083 0.33027
1937:12:16:0 -0.0235322 -0.229626 0.197013 -0.00722541
1938:1:16:0 -0.055986 -0.433675 0.0198931 0.150905
1938:2:16:0 0.0223602 -0.48521 0.0347653 0.247583
1938:3:16:0 0.0782093 -0.414462 0.141098 0.214891
1938:4:16:0 -0.0711136 -0.843861 0.209652 0.245991
1938:5:16:0 -0.337218 -0.100826 0.0739292 -0.32377
1938:6:16:0 -0.520943 -1.01515 -0.00469578 -0.0110221
1938:7:16:0 -0.399369 -1.55877 0.248535 0.255749
1938:8:16:0 -0.494748 -0.74443 0.190903 -0.217984
1938:9:16:0 -0.0768125 -0.330773 0.069994 0.0535772
1938:10:16:0 -0.58811 -0.142232 0.0719453 -0.552967
1938:11:16:0 -0.460018 -0.421009 0.160939 -0.329983
1938:12:16:0 -0.404778 -0.866462 -0.0913227 0.0741144
1939:1:16:0 -0.421484 -0.247247 -0.109974 -0.242873
1939:2:16:0 -0.552692 -0.25741 -0.18472 -0.331628
1939:3:16:0 -0.400818 -0.490859 -0.228228 -0.0412746
1939:4:16:0 -0.078872 -0.213734 -0.0250445 0.040517
1939:5:16:0 -0.103679 0.160636 -0.15212 -0.107937
1939:6:16:0 -0.0817776 0.399165 -0.195921 -0.1834
1939:7:16:0 0.230593 0.104194 0.0964377 0.130277
1939:8:16:0 -0.0428015 0.307157 -0.000603145 -0.196078
1939:9:16:0 0.670693 -0.195655 -0.076665 0.806853
1939:10:16:0 -0.424001 0.148279 -0.263541 -0.36637
1939:11:16:0 0.0828364 0.199342 -0.0891065 0.0277187
1939:12:16:0 0.312246 0.239815 0.0519565 0.16636
1940:1:16:0 0.623342 0.759579 -0.0545759 0.27084
1940:2:16:0 0.733862 0.759391 -0.145449 0.426891
1940:3:16:0 0.71741 0.701115 -0.172742 0.453223
1940:4:16:0 0.521871 0.664767 -0.103623 0.241299
1940:5:16:0 0.417203 0.30965 -0.197883 0.36132
1940:6:16:0 0.638705 0.369583 -0.146161 0.526994
1940:7:16:0 0.490919 0.0883412 -0.00375741 0.448627
1940:8:16:0 0.458253 0.497907 -0.241027 0.329813
1940:9:16:0 0.214232 0.365979 -0.0493436 0.0559137
1940:10:16:0 0.428694 0.380809 -0.0269843 0.251782
1940:11:16:0 0.666786 0.250403 -0.00684787 0.545008
1940:12:16:0 0.885343 0.474533 -0.129685 0.712919
1941:1:16:0 0.848177 0.742888 -0.0709307 0.512199
1941:2:16:0 0.76542 0.967024 -0.0473391 0.305577
1941:3:16:0 0.990658 1.25952 -0.028415 0.375104
1941:4:16:0 1.04295 1.27151 0.0258352 0.394284
1941:5:16:0 1.01256 1.14671 -0.114444 0.496426
1941:6:16:0 0.659025 0.435088 -0.124165 0.503563
1941:7:16:0 0.705472 0.287488 -0.194109 0.658783
1941:8:16:0 0.651282 0.642274 -0.293347 0.476818
1941:9:16:0 0.627183 0.615419 -0.320531 0.479739
1941:10:16:0 0.832747 0.839091 -0.200133 0.513268
1941:11:16:0 0.96048 1.1784 -0.154692 0.448623
1941:12:16:0 0.994766 1.34982 0.0996798 0.270015
1942:1:16:0 0.657672 0.657479 0.037451 0.310207
1942:2:16:0 0.505229 0.14805 -0.130254 0.496331
1942:3:16:0 0.202378 -0.0988302 -0.247629 0.375608
1942:4:16:0 0.53521 -0.375227 -0.0582037 0.751925
1942:5:16:0 0.0606782 -0.175203 0.0821598 0.1072
1942:6:16:0 -0.0547341 -0.691932 -0.0940537 0.338259
1942:7:16:0 -0.0361351 -0.921973 -0.0757857 0.462744
1942:8:16:0 -0.256327 -1.07577 -0.00711041 0.285111
1942:9:16:0 -0.39326 -0.858664 0.134432 -0.0311432
1942:10:16:0 -0.486221 -0.871362 0.0263277 -0.0637043
1942:11:16:0 -0.574319 -0.865895 -0.11159 -0.0855763
1942:12:16:0 -0.644215 -0.497243 0.0462072 -0.418697
1943:1:16:0 -0.834713 -0.109698 0.0780057 -0.818867
1943:2:16:0 -0.616305 -0.14479 0.100857 -0.594338
1943:3:16:0 -0.459382 -0.349941 -0.0428506 -0.262987
1943:4:16:0 -0.286223 0.131848 -0.00641733 -0.348939
1943:5:16:0 -0.0747993 0.329039 0.000338719 -0.239488
1943:6:16:0 0.0170516 0.233298 -0.131347 -0.0339236
1943:7:16:0 0.109719 0.37677 -0.317629 0.0801484
1943:8:16:0 0.169243 0.205855 -0.458371 0.295501
1943:9:16:0 0.0138512 -0.184246 -0.100117 0.156033
1943:10:16:0 -0.203094 0.310219 0.151266 -0.433837
1943:11:16:0 -0.225763 -0.139177 0.213721 -0.263036
1943:12:16:0 -0.195059 -0.0855636 0.306782 -0.305668
1944:1:16:0 -0.15077 -0.33786 0.210891 -0.0872859
1944:2:16:0 -0.0461554 0.0324069 0.112542 -0.11863
1944:3:16:0 0.0743103 0.158648 -0.13224 0.0611065
1944:4:16:0 0.124588 0.375584 -0.0530042 -0.0367017
1944:5:16:0 0.271038 0.163783 0.0824765 0.147909
1944:6:16:0 0.172374 0.406644 0.0991764 -0.0805365
1944:7:16:0 0.323305 0.369807 0.314818 -0.0190071
1944:8:16:0 0.159314 0.251117 0.234325 -0.0834068
1944:9:16:0 0.0878239 0.306165 0.452788 -0.291653
1944:10:16:0 0.130857 -0.089192 0.151703 0.0996017
1944:11:16:0 0.157502 -0.372119 0.335914 0.175604
1944:12:16:0 0.116492 -0.420465 0.503444 0.0750026
1945:1:16:0 -0.060096 -0.324162 0.532416 -0.164223
1945:2:16:0 -0.128799 0.435308 0.799263 -0.746085
1945:3:16:0 -0.41327 -0.273875 0.440901 -0.496783
1945:4:16:0 -0.487132 0.0970716 0.382461 -0.726898
1945:5:16:0 -0.390737 0.551555 0.435107 -0.884068
1945:6:16:0 -0.418967 0.189119 0.340716 -0.683884
1945:7:16:0 -0.281165 0.25554 0.330175 -0.574022
1945:8:16:0 -0.378554 0.31793 0.396832 -0.735935
1945:9:16:0 -0.251211 0.597029 0.0420386 -0.570745
1945:10:16:0 -0.248177 0.540708 0.00999203 -0.523527
1945:11:16:0 -0.0628653 0.585395 0.256488 -0.483807
1945:12:16:0 -0.187313 0.0896282 0.248216 -0.356235
1946:1:16:0 -0.0890205 -0.424416 0.17218 0.0370972
1946:2:16:0 -0.0191438 -0.655515 0.4835 0.0668639
1946:3:16:0 -0.0937532 -0.57318 0.339881 0.022896
1946:4:16:0 -0.118774 -0.263991 0.0252496 0.000596508
1946:5:16:0 0.0666156 -0.234339 -0.11502 0.241295
1946:6:16:0 0.434358 -0.651473 -0.561027 1.04061
1946:7:16:0 0.212443 -0.361731 -0.483825 0.635221
1946:8:16:0 0.0609602 -0.558568 -0.248168 0.464328
1946:9:16:0 0.277471 0.184378 -0.470561 0.420562
1946:10:16:0 0.151632 -0.279525 -0.323185 0.452987
1946:11:16:0 0.198848 -0.376141 -0.191662 0.482749
1946:12:16:0 0.56199 -0.154466 -0.316295 0.79737
1947:1:16:0 0.381813 0.122153 -0.331423 0.486447
1947:2:16:0 0.0740619 -0.153858 -0.305663 0.303822
1947:3:16:0 0.410453 0.202086 -0.312002 0.46541
1947:4:16:0 0.00702929 -0.0472927 -0.428269 0.24481
1947:5:16:0 -0.0491858 -0.186233 -0.0633384 0.0755998
1947:6:16:0 0.505776 -0.359997 0.109151 0.631199
1947:7:16:0 -0.138901 -0.406895 -0.171003 0.150048
1947:8:16:0 -0.115425 -0.391264 -0.108318 0.134366
1947:9:16:0 -0.448482 -0.250935 -0.1055 -0.270265
1947:10:16:0 -0.501853 -0.169707 -0.0164083 -0.408795
1947:11:16:0 -0.56145 0.0404526 -0.31316 -0.425097
1947:12:16:0 0.0995885 0.0142884 -0.421085 0.302987
1948:1:16:0 0.124575 -0.0457368 -0.307155 0.301021
1948:2:16:0 -0.168923 0.335766 -0.141738 -0.265937
1948:3:16:0 0.274113 0.407828 -0.189258 0.164828
1948:4:16:0 0.128153 -0.00439883 -0.234106 0.247405
1948:5:16:0 0.406949 0.00452819 -0.381339 0.595354
1948:6:16:0 0.467683 -0.302298 -0.434325 0.835995
1948:7:16:0 0.0399413 -0.557628 -0.307923 0.472717
1948:8:16:0 -0.0647939 -0.106693 -0.252497 0.114801
1948:9:16:0 -0.0667946 -0.499771 -0.321373 0.343777
1948:10:16:0 -0.198699 -0.384776 -0.210045 0.0987113
1948:11:16:0 -0.076718 -0.0109122 -0.37796 0.117718
1948:12:16:0 -0.0365296 -0.331473 -0.323293 0.290853
1949:1:16:0 -0.00322303 -0.451735 -0.326547 0.385918
1949:2:16:0 0.391054 0.036076 -0.412197 0.579114
1949:3:16:0 -0.226724 0.244983 -0.373761 -0.162336
1949:4:16:0 0.0843575 0.337757 -0.295324 0.0631405
1949:5:16:0 -0.0487283 0.0507091 -0.444069 0.147952
1949:6:16:0 -0.263743 -0.103012 -0.434497 0.0050118
1949:7:16:0 -0.0614771 -0.674465 -0.323616 0.437563
1949:8:16:0 -0.0341071 -0.548196 -0.333245 0.406613
1949:9:16:0 -0.55275 -0.734932 -0.232884 -0.0688418
1949:10:16:0 -0.43345 -1.0887 -0.126788 0.174294
1949:11:16:0 -0.932069 -1.01409 -0.116872 -0.366589
1949:12:16:0 -0.621948 -0.659053 -0.0748186 -0.255013
1950:1:16:0 -0.449136 -0.95173 -0.292701 0.17308
1950:2:16:0 -0.867316 -1.06715 0.00845271 -0.337965
1950:3:16:0 -0.762082 -0.549001 0.0850164 -0.530089
1950:4:16:0 -0.577272 -0.786439 -0.00112567 -0.183489
1950:5:16:0 -0.67169 -0.715594 -0.164872 -0.231457
1950:6:16:0 -0.460326 -0.833879 0.0139317 -0.0503518
1950:7:16:0 -0.733364 -0.920243 -0.0130078 -0.266739
1950:8:16:0 -0.671714 -0.294514 -0.101381 -0.473766
1950:9:16:0 -0.66793 -0.806383 -0.0690927 -0.230192
1950:10:16:0 -0.75999 -0.740914 -0.172188 -0.303439
1950:11:16:0 -0.997187 -1.1945 0.00538551 -0.402629
1950:12:16:0 -0.574764 -0.713116 -0.317253 -0.0595791
1951:1:16:0 -0.905957 -0.110822 -0.223368 -0.738862
1951:2:16:0 -0.713555 -0.289622 -0.251168 -0.44316
1951:3:16:0 -0.602799 -0.330783 -0.361092 -0.256862
1951:4:16:0 -0.378992 0.0125 -0.309036 -0.230724
1951:5:16:0 -0.0917269 0.221528 -0.3374 -0.0337907
1951:6:16:0 -0.140642 0.695141 -0.127882 -0.424272
1951:7:16:0 0.18985 1.32258 -0.231879 -0.355502
1951:8:16:0 0.309971 1.01407 -0.377915 -0.00810769
1951:9:16:0 0.294444 0.840061 -0.195059 -0.0280575
1951:10:16:0 0.326306 0.927101 -0.201489 -0.0365002
1951:11:16:0 0.441852 1.05368 -0.351609 0.0908158
1951:12:16:0 0.376153 0.645989 -0.174696 0.140507
1952:1:16:0 0.35827 0.459911 -0.133522 0.195076
1952:2:16:0 0.18522 0.33719 0.0837294 -0.02524
1952:3:16:0 0.0517927 0.400585 -0.0779098 -0.109545
1952:4:16:0 0.410184 0.044309 -0.176521 0.47629
1952:5:16:0 0.153813 -0.0414689 -0.137416 0.243255
1952:6:16:0 -0.0578531 -0.112927 -0.0300089 0.0136146
1952:7:16:0 -0.174554 -0.497072 -0.0677805 0.107873
1952:8:16:0 -0.114325 -0.222385 -0.0792018 0.036469
1952:9:16:0 0.194986 -0.353064 -0.0576376 0.400336
1952:10:16:0 0.0969727 -0.188538 0.072988 0.154748
1952:11:16:0 -0.112001 -0.408453 -0.0350729 0.109761
1952:12:16:0 -0.0779046 -0.189383 -0.131362 0.0824675
1953:1:16:0 0.372411 0.0552705 -0.276899 0.483226
1953:2:16:0 0.0783914 0.443861 -0.000424846 -0.143327
1953:3:16:0 0.261336 0.507197 -0.0989691 0.057222
1953:4:16:0 0.439154 0.733816 -0.252157 0.198324
1953:5:16:0 0.230133 0.778095 -0.202165 -0.0578327
1953:6:16:0 0.262653 0.620077 -0.36748 0.136354
1953:7:16:0 0.26473 0.447982 -0.239588 0.160533
1953:8:16:0 0.157209 0.489645 -0.218109 0.0214408
1953:9:16:0 0.386264 0.629934 -0.292884 0.217739
1953:10:16:0 0.115287 0.179117 -0.180025 0.115741
1953:11:16:0 0.229827 0.149935 -0.229516 0.269617
1953:12:16:0 0.0361742 0.177156 -0.10144 -0.00168401
1954:1:16:0 0.349667 -0.570446 -0.0868855 0.678333
1954:2:16:0 0.142804 -0.250459 -0.154833 0.34545
1954:3:16:0 0.150029 -0.221292 -0.213128 0.367239
1954:4:16:0 0.131974 -1.41051 -0.170775 0.922618
1954:5:16:0 -0.0392471 -1.41683 -0.234307 0.786323
1954:6:16:0 -0.253471 -1.15253 -0.0252553 0.33542
1954:7:16:0 -0.41877 -1.22624 -0.0729528 0.230825
1954:8:16:0 -0.407187 -0.89238 0.0261075 0.0259494
1954:9:16:0 -0.460552 -1.12563 -0.267497 0.236012
1954:10:16:0 -0.402885 -1.25461 -0.0934787 0.271157
1954:11:16:0 -0.632935 -0.949448 -0.131554 -0.0924342
1954:12:16:0 -0.417659 -1.10802 -0.35699 0.314848
1955:1:16:0 -0.423577 -0.413321 -0.0489604 -0.192436
1955:2:16:0 -0.749054 -0.664885 -0.0239344 -0.404645
1955:3:16:0 -0.519438 -0.551375 -0.114938 -0.186281
1955:4:16:0 -0.772349 -0.663252 -0.266143 -0.307652
1955:5:16:0 -0.654184 -1.18185 -0.234352 0.0539176
1955:6:16:0 -0.51326 -1.1631 -0.144878 0.140729
1955:7:16:0 -0.71864 -0.781809 0.0793253 -0.367398
1955:8:16:0 -0.548286 -0.685086 0.136131 -0.273809
1955:9:16:0 -0.6786 -1.06281 0.129563 -0.211976
1955:10:16:0 -1.12427 -1.5149 0.0582627 -0.395947
1955:11:16:0 -0.978888 -1.4436 -0.00905105 -0.252562
1955:12:16:0 -0.937163 -1.16947 -0.155822 -0.274515
1956:1:16:0 -0.785881 -0.943507 -0.203219 -0.212518
1956:2:16:0 -0.769396 -0.58241 -0.150365 -0.403009
1956:3:16:0 -0.693994 -0.187011 -0.186772 -0.507102
1956:4:16:0 -0.542966 -0.504239 -0.236861 -0.172416
1956:5:16:0 -0.506908 -0.746347 -0.30008 0.0163057
1956:6:16:0 -0.73486 -0.598659 -0.297208 -0.286927
1956:7:16:0 -0.71984 -0.294156 0.103985 -0.624755
1956:8:16:0 -0.532419 -0.506695 0.114755 -0.336449
1956:9:16:0 -0.664658 -0.557667 -0.247778 -0.261935
1956:10:16:0 -0.570018 -0.579991 0.00643083 -0.283238
1956:11:16:0 -0.511035 -0.705734 -0.0763161 -0.12001
1956:12:16:0 -0.220109 -0.629891 0.0586204 0.065526
1957:1:16:0 -0.0306246 -0.690476 -0.0637154 0.346471
1957:2:16:0 0.0351063 0.134543 -0.0664189 0.00104437
1957:3:16:0 0.021613 0.765896 -0.0543294 -0.33417
1957:4:16:0 0.311386 0.745338 -0.203728 0.0405816
1957:5:16:0 0.421937 1.2176 -0.0198798 -0.176922
1957:6:16:0 0.153001 1.29885 -0.164737 -0.414055
1957:7:16:0 0.298589 1.5438 -0.0686986 -0.438963
1957:8:16:0 0.377756 1.1461 -0.141115 -0.124738
1957:9:16:0 0.444028 1.05644 -0.448199 0.13991
1957:10:16:0 0.535655 0.959858 -0.376898 0.244175
1957:11:16:0 0.642681 0.95813 -0.396237 0.361734
1957:12:16:0 0.683028 0.923114 -0.217109 0.330025
1958:1:16:0 1.06095 0.614452 -0.211343 0.859395
1958:2:16:0 1.02604 0.595077 -0.275122 0.866065
1958:3:16:0 0.870129 0.472807 -0.130237 0.698844
1958:4:16:0 0.47335 0.735398 -0.295653 0.253478
1958:5:16:0 0.557711 0.453271 -0.361554 0.511852
1958:6:16:0 0.408612 0.518077 -0.404464 0.351805
1958:7:16:0 0.247567 0.516851 -0.0803353 0.0293089
1958:8:16:0 0.416363 0.166522 0.0789097 0.293648
1958:9:16:0 0.0734415 0.142948 -0.0454697 0.0247025
1958:10:16:0 0.256488 0.0347157 -0.08364 0.28095
1958:11:16:0 0.321182 0.0661887 -0.250675 0.413426
1958:12:16:0 0.423931 -0.0279928 -0.127846 0.50185
1959:1:16:0 0.418706 -0.154715 -0.291614 0.641871
1959:2:16:0 0.34848 -0.140672 -0.160888 0.49926
1959:3:16:0 0.230488 0.288435 -0.232636 0.202588
1959:4:16:0 0.300785 0.265834 -0.366066 0.350901
1959:5:16:0 0.285657 0.144633 -0.338511 0.382596
1959:6:16:0 -0.0242359 -0.0699751 -0.228596 0.12505
1959:7:16:0 0.0408433 -0.0879363 -0.122237 0.14593
1959:8:16:0 0.0887948 -0.295905 -0.106929 0.290212
1959:9:16:0 0.0407498 -0.0218315 -0.179515 0.141423
1959:10:16:0 0.137 0.105791 -0.308591 0.2384
1959:11:16:0 -0.0985662 0.0157785 -0.195522 -0.00869436
1959:12:16:0 -0.0849849 -0.0376904 -0.171415 0.0195677
1960:1:16:0 -0.206068 0.0797897 0.0604317 -0.276179
1960:2:16:0 -0.276494 -0.00253314 0.0222309 -0.286343
1960:3:16:0 -0.190487 0.142796 0.108058 -0.315914
1960:4:16:0 0.0416033 -0.248401 0.0355133 0.148047
1960:5:16:0 0.0478931 -0.0807265 0.12702 0.0247463
1960:6:16:0 -0.118392 -0.287281 -0.0987235 0.07461
1960:7:16:0 -0.0733007 -0.166776 0.144122 -0.0619739
1960:8:16:0 -0.0445461 -0.0719993 -0.0490458 0.0159765
1960:9:16:0 0.0720612 0.116134 0.0834517 -0.0277317
1960:10:16:0 0.0440942 -0.460342 -0.0817622 0.315146
1960:11:16:0 -0.0261103 -0.650149 0.1118 0.243064
1960:12:16:0 0.273534 -0.200973 -0.124495 0.436268
1961:1:16:0 0.00787556 -0.0283583 -0.267126 0.155618
1961:2:16:0 0.0519736 0.388271 0.162219 -0.223271
1961:3:16:0 -0.0776714 0.086967 -0.0198856 -0.111212
1961:4:16:0 -0.131586 0.115643 0.115959 -0.247387
1961:5:16:0 -0.0596446 -0.141937 -0.0860511 0.0543494
1961:6:16:0 -0.00394923 -0.1182 -0.195425 0.152863
1961:7:16:0 -0.109504 -0.635526 -0.308704 0.362611
1961:8:16:0 -0.110719 -0.339124 -0.22005 0.168869
1961:9:16:0 -0.115232 -0.64914 -0.382566 0.400621
1961:10:16:0 -0.31128 -0.525812 -0.367954 0.135603
1961:11:16:0 -0.180601 -0.242861 -0.305075 0.0933677
1961:12:16:0 -0.330076 -0.229599 -0.151879 -0.139337
1962:1:16:0 -0.330994 -0.243751 -0.0272469 -0.195495
1962:2:16:0 -0.164692 -0.170072 -0.277577 0.0591325
1962:3:16:0 -0.194443 -0.72554 -0.0819372 0.209296
1962:4:16:0 -0.106447 -1.00881 -0.21414 0.505027
1962:5:16:0 -0.287014 -0.516387 -0.199147 0.0707527
1962:6:16:0 -0.0618463 -0.639415 -0.150777 0.33325
1962:7:16:0 -0.127549 -0.394385 0.00977713 0.0647546
1962:8:16:0 -0.128206 -0.131069 -0.120838 -0.00225264
1962:9:16:0 -0.25382 -0.304114 -0.149069 -0.0272286
1962:10:16:0 -0.272617 -0.56365 -0.0599374 0.0391761
1962:11:16:0 -0.165677 -0.467049 -0.20181 0.168752
1962:12:16:0 -0.287471 -0.685959 -0.211674 0.161345
1963:1:16:0 -0.18974 -0.114864 -0.149659 -0.0574786
1963:2:16:0 -0.0458938 -0.255408 -0.286241 0.224931
1963:3:16:0 0.0028001 0.135918 -0.152739 0.0112106
1963:4:16:0 0.0780797 -0.103745 -0.18325 0.221577
1963:5:16:0 -0.0133592 0.190926 -0.0542042 -0.0817202
1963:6:16:0 -0.0792747 0.154692 -0.238666 -0.0372877
1963:7:16:0 0.248771 0.433293 -0.337815 0.201032
1963:8:16:0 0.449631 0.518516 -0.171547 0.276146
1963:9:16:0 0.356224 0.534004 -0.299542 0.238993
1963:10:16:0 0.50584 0.415866 -0.368931 0.482372
1963:11:16:0 0.506412 0.273871 -0.259612 0.499282
1963:12:16:0 0.482487 0.306918 0.0518708 0.303092
1964:1:16:0 0.400169 -0.128258 0.00416368 0.462216
1964:2:16:0 0.35106 -0.550726 -0.087422 0.670134
1964:3:16:0 -0.0706537 -0.545624 -0.0923989 0.248358
1964:4:16:0 -0.0534787 -0.846699 -0.0342804 0.387011
1964:5:16:0 -0.188848 -1.46256 0.0466926 0.519086
1964:6:16:0 -0.346035 -0.997326 0.133186 0.0860351
1964:7:16:0 -0.382355 -0.806615 0.146858 -0.0524759
1964:8:16:0 -0.569169 -1.00863 0.0152799 -0.0724923
1964:9:16:0 -0.79398 -0.448561 0.140877 -0.640138
1964:10:16:0 -0.824553 -0.778315 0.263132 -0.566961
1964:11:16:0 -0.854002 -0.473326 0.0554389 -0.645059
1964:12:16:0 -0.774535 -0.62351 -0.137138 -0.394211
1965:1:16:0 -0.356764 -0.298225 -0.2954 -0.0599518
1965:2:16:0 -0.327775 0.0164731 -0.173764 -0.24913
1965:3:16:0 -0.350473 0.373866 -0.288133 -0.39334
1965:4:16:0 -0.1584 0.798129 -0.204299 -0.455316
1965:5:16:0 -0.0422828 1.18458 -0.186856 -0.541146
1965:6:16:0 0.0825254 1.1388 -0.375032 -0.299359
1965:7:16:0 0.253884 1.06444 -0.854756 0.14904
1965:8:16:0 0.47819 1.13399 -0.53948 0.180937
1965:9:16:0 0.530081 0.890626 -0.499774 0.334655
1965:10:16:0 0.763004 0.761829 -0.476333 0.620255
1965:11:16:0 0.760761 0.860989 -0.45216 0.556347
1965:12:16:0 0.672872 0.899332 -0.555082 0.500747
1966:1:16:0 0.617517 0.70692 -0.386201 0.457158
1966:2:16:0 0.498439 0.159372 -0.348515 0.59301
1966:3:16:0 0.789225 -0.528987 -0.365665 1.23655
1966:4:16:0 0.45898 -0.596315 -0.282093 0.898183
1966:5:16:0 0.364746 -0.672068 -0.395671 0.898616
1966:6:16:0 0.406671 -0.584103 -0.277941 0.837693
1966:7:16:0 0.558006 -0.250991 -0.196768 0.781886
1966:8:16:0 0.419724 -0.250312 -0.075526 0.582642
1966:9:16:0 0.419125 -0.433374 -0.16295 0.717287
1966:10:16:0 0.270815 -0.353765 -0.141743 0.518569
1966:11:16:0 0.172246 -0.477359 -0.0756042 0.448727
1966:12:16:0 0.114621 -0.548367 -0.0953262 0.436468
1967:1:16:0 -0.300309 -0.451589 -0.272174 0.0615734
1967:2:16:0 -0.346384 -0.211438 -0.431674 -0.0248281
1967:3:16:0 -0.12969 -0.371886 -0.385821 0.249164
1967:4:16:0 0.0217434 -0.286601 -0.358353 0.34422
1967:5:16:0 0.13883 -0.39352 -0.335757 0.503469
1967:6:16:0 0.110073 -0.195413 -0.23604 0.3258
1967:7:16:0 0.104498 -0.495839 -0.423724 0.56428
1967:8:16:0 -0.0621112 -0.884042 -0.328455 0.544137
1967:9:16:0 -0.124949 -0.960321 -0.30328 0.506852
1967:10:16:0 -0.0137532 -1.1709 -0.421883 0.782641
1967:11:16:0 0.0146225 -1.02768 -0.55952 0.808221
1967:12:16:0 -0.0167469 -1.03101 -0.484316 0.740917
1968:1:16:0 -0.10426 -0.93217 -0.401395 0.562523
1968:2:16:0 -0.00909231 -0.732098 -0.554934 0.634423
1968:3:16:0 -0.280572 -0.775648 -0.313717 0.26411
1968:4:16:0 -0.177835 -0.736416 -0.0745843 0.227665
1968:5:16:0 -0.0937849 -0.935597 0.185615 0.281206
1968:6:16:0 0.278627 -0.542058 0.437268 0.331022
1968:7:16:0 0.1906 -0.12587 0.476724 0.0151735
1968:8:16:0 0.228271 0.180444 0.243899 0.0160992
1968:9:16:0 0.0743925 0.440357 0.0976826 -0.194627
1968:10:16:0 0.40268 0.198598 0.0156524 0.295554
1968:11:16:0 0.64389 0.14836 -0.192978 0.666199
1968:12:16:0 0.589165 0.472127 -0.195941 0.451072
1969:1:16:0 1.0046 0.161302 -0.30609 1.077
1969:2:16:0 1.1097 -0.00331352 -0.286879 1.25479
1969:3:16:0 0.738226 0.496517 -0.11656 0.548247
1969:4:16:0 0.564086 0.788651 0.0815195 0.129001
1969:5:16:0 0.451274 1.12127 0.0507988 -0.134763
1969:6:16:0 0.238514 0.959282 0.204204 -0.343229
1969:7:16:0 0.229479 0.511519 0.0665064 -0.0595333
1969:8:16:0 0.475847 0.412409 -0.0455636 0.292424
1969:9:16:0 0.539603 0.53015 0.0968246 0.226116
1969:10:16:0 0.530094 0.949473 0.133617 -0.0114506
1969:11:16:0 0.594234 0.795223 0.0152082 0.189019
1969:12:16:0 0.57372 0.838402 0.206335 0.051352
1970:1:16:0 0.523755 0.685559 0.373823 -0.00593603
1970:2:16:0 0.429948 0.00830223 0.168647 0.341474
1970:3:16:0 0.300213 -0.247203 0.297322 0.275153
1970:4:16:0 0.250515 -0.217811 0.143562 0.28764
1970:5:16:0 0.32243 -0.593834 0.182831 0.527931
1970:6:16:0 0.101429 -0.900334 0.165196 0.468998
1970:7:16:0 -0.111663 -1.48166 0.194018 0.53216
1970:8:16:0 -0.268175 -1.18893 0.146612 0.252984
1970:9:16:0 -0.30705 -0.905487 0.270114 0.0106362
1970:10:16:0 -0.433374 -0.647141 0.409313 -0.31446
1970:11:16:0 -0.410305 -0.843225 0.422011 -0.199698
1970:12:16:0 -0.802853 -0.840157 0.286262 -0.525905
1971:1:16:0 -0.985635 -0.854216 0.172767 -0.64491
1971:2:16:0 -0.82527 -1.18564 0.0754627 -0.270184
1971:3:16:0 -0.874503 -0.857301 0.0639428 -0.477824
1971:4:16:0 -0.632876 -0.359027 -0.145034 -0.380845
1971:5:16:0 -0.498709 -0.705242 -0.0864782 -0.102849
1971:6:16:0 -0.567332 -0.845052 -0.235598 -0.0270073
1971:7:16:0 -0.565469 -0.572322 -0.217578 -0.170519
1971:8:16:0 -0.628311 -0.814053 0.00989364 -0.226231
1971:9:16:0 -0.758581 -0.717965 0.2833 -0.541249
1971:10:16:0 -0.486474 -0.851091 0.137818 -0.129837
1971:11:16:0 -0.474591 -0.801596 0.136363 -0.141975
1971:12:16:0 -0.432544 -0.746665 0.0292943 -0.0738588
1972:1:16:0 -0.255315 -0.0327555 0.16859 -0.323232
1972:2:16:0 -0.0169835 0.240636 0.1464 -0.210502
1972:3:16:0 -0.0297739 0.326367 -0.142785 -0.121565
1972:4:16:0 0.302529 0.626282 -0.230628 0.104702
1972:5:16:0 0.44937 0.741827 -0.273132 0.215023
1972:6:16:0 0.43189 1.26435 -0.344773 -0.0278966
1972:7:16:0 0.444307 1.71755 -0.410429 -0.209251
1972:8:16:0 0.438121 2.06429 -0.40679 -0.390628
1972:9:16:0 0.430378 1.5319 -0.364287 -0.153426
1972:10:16:0 0.841747 1.47127 -0.208551 0.210387
1972:11:16:0 0.698182 1.54409 -0.250696 0.051486
1972:12:16:0 0.8755 1.7988 -0.116648 0.0344241
1973:1:16:0 0.851583 1.25967 -0.169861 0.306679
1973:2:16:0 0.573849 0.397121 -0.0752424 0.41291
1973:3:16:0 0.452402 0.040217 -0.159876 0.512231
1973:4:16:0 0.0967049 -0.411061 0.0387251 0.282873
1973:5:16:0 0.0286963 -0.559695 0.104169 0.256459
1973:6:16:0 -0.289915 -0.635755 0.270196 -0.107135
1973:7:16:0 -0.420988 -0.786097 0.301283 -0.17858
1973:8:16:0 -0.635935 -0.894735 0.463362 -0.420248
1973:9:16:0 -0.842693 -0.835802 0.362498 -0.606041
1973:10:16:0 -0.959612 -0.723043 0.278195 -0.737188
1973:11:16:0 -1.15273 -0.668826 0.285529 -0.961085
1973:12:16:0 -1.42023 -0.707355 0.2253 -1.17921
1974:1:16:0 -1.31507 -0.731834 0.00432607 -0.951317
1974:2:16:0 -0.990006 -0.586835 -0.123247 -0.634965
1974:3:16:0 -0.959025 -0.218387 -0.336262 -0.681701
1974:4:16:0 -0.721166 -0.122183 -0.404099 -0.458025
1974:5:16:0 -0.642555 0.0670622 -0.234242 -0.558965
1974:6:16:0 -0.620262 -0.0350566 -0.239217 -0.483125
1974:7:16:0 -0.674236 -0.108597 -0.0653424 -0.587267
1974:8:16:0 -0.455858 -0.00212852 -0.0217178 -0.443935
1974:9:16:0 -0.58247 -0.438931 0.220696 -0.473352
1974:10:16:0 -0.641325 -0.717996 0.132288 -0.348471
1974:11:16:0 -0.695169 -0.523304 -0.134987 -0.366024
1974:12:16:0 -0.681337 -0.702136 -0.229316 -0.215611
1975:1:16:0 -0.488884 -0.699366 -0.174491 -0.0519557
1975:2:16:0 -0.285342 -0.623913 -0.18067 0.11695
1975:3:16:0 -0.507453 -0.160685 -0.123881 -0.36517
1975:4:16:0 -0.560355 -0.056348 0.0197826 -0.542072
1975:5:16:0 -0.711509 -0.476612 0.0542066 -0.500306
1975:6:16:0 -0.764983 -0.72813 -0.0894074 -0.356214
1975:7:16:0 -0.97873 -0.377149 0.0668135 -0.823562
1975:8:16:0 -1.12422 -0.368722 0.176733 -1.02823
1975:9:16:0 -1.37713 -0.807483 0.406798 -1.17679
1975:10:16:0 -1.47445 -0.941045 0.196315 -1.10208
1975:11:16:0 -1.42484 -1.13058 0.176163 -0.94763
1975:12:16:0 -1.4355 -1.17757 -0.0505457 -0.821439
1976:1:16:0 -1.19792 -0.812111 0.0544943 -0.819114
1976:2:16:0 -0.852188 -0.435804 -0.122213 -0.573179
1976:3:16:0 -0.528234 -0.274709 -0.277153 -0.252303
1976:4:16:0 -0.438022 0.101069 -0.340478 -0.318318
1976:5:16:0 -0.478339 0.376821 -0.460241 -0.436629
1976:6:16:0 -0.27017 0.939154 -0.483169 -0.498163
1976:7:16:0 -0.231877 1.23129 -0.323827 -0.685609
1976:8:16:0 -0.212089 1.16975 -0.280393 -0.656768
1976:9:16:0 0.0924351 0.822044 -0.322462 -0.157356
1976:10:16:0 0.275764 0.777475 -0.073555 -0.0761959
1976:11:16:0 0.401461 0.630406 0.168779 0.00186887
1976:12:16:0 0.157102 0.578179 0.164691 -0.214333
1977:1:16:0 0.239718 0.657066 0.11954 -0.148585
1977:2:16:0 0.181453 0.36586 0.0970151 -0.049984
1977:3:16:0 0.109007 0.23977 -0.0292301 0.00373732
1977:4:16:0 -0.123808 -0.189246 -0.159583 0.0506074
1977:5:16:0 -0.0433781 -0.0138453 -0.079028 0.00305854
1977:6:16:0 0.172728 0.215287 -0.130678 0.130423
1977:7:16:0 0.435697 0.221512 -0.192448 0.421165
1977:8:16:0 0.400837 -0.283233 -0.105712 0.59531
1977:9:16:0 0.555972 -0.204281 -0.18833 0.752278
1977:10:16:0 0.623681 -0.0490439 -0.192303 0.744354
1977:11:16:0 0.702641 0.00371896 -0.0688933 0.735228
1977:12:16:0 0.733182 -0.227992 -0.128483 0.91142
1978:1:16:0 0.501109 0.101224 -0.0994313 0.500213
1978:2:16:0 0.320843 -0.0611129 -0.242029 0.472414
1978:3:16:0 0.0830455 -0.269975 -0.00189163 0.218979
1978:4:16:0 -0.0671619 -0.383831 -0.0984088 0.173958
1978:5:16:0 -0.00488162 -0.542481 0.175019 0.17885
1978:6:16:0 -0.145014 -0.755875 0.449003 0.00842243
1978:7:16:0 -0.00420097 -0.436975 0.601934 -0.0866807
1978:8:16:0 -0.0799219 -0.607984 0.325906 0.0611171
1978:9:16:0 -0.159985 -0.339773 0.246818 -0.113508
1978:10:16:0 -0.131123 -0.269692 -0.00300181 0.00522384
1978:11:16:0 -0.0537968 0.0547378 -0.1008 -0.0307654
1978:12:16:0 -0.0465234 0.315 0.0185667 -0.213307
1979:1:16:0 0.133363 0.235628 -0.00133484 0.0162164
1979:2:16:0 0.108648 -0.126809 0.0653977 0.139354
1979:3:16:0 0.115935 -0.0307806 -0.0923989 0.177525
1979:4:16:0 0.141516 0.370481 -0.11763 0.0150907
1979:5:16:0 -0.0328931 0.319129 0.125008 -0.254962
1979:6:16:0 0.054477 0.475969 0.162358 -0.264686
1979:7:16:0 -0.014087 0.303124 -0.064691 -0.133304
1979:8:16:0 -0.0232539 0.503064 -0.126035 -0.211768
1979:9:16:0 0.0220554 0.769664 0.134036 -0.429795
1979:10:16:0 0.177031 0.700303 -0.12546 -0.110391
1979:11:16:0 0.142685 0.462152 -0.141523 -0.0176297
1979:12:16:0 0.459121 0.340298 -0.13426 0.356102
1980:1:16:0 0.517701 0.30989 -0.270093 0.497803
1980:2:16:0 0.51507 0.0913915 -0.320268 0.629508
1980:3:16:0 0.425333 0.217345 -0.165623 0.399472
1980:4:16:0 0.316082 0.229128 -0.242284 0.32266
1980:5:16:0 0.34351 0.376419 -0.162399 0.2365
1980:6:16:0 0.269846 0.267355 -0.182922 0.22763
1980:7:16:0 0.213091 -0.136836 -0.0668346 0.314926
1980:8:16:0 -0.0348314 -0.0579322 0.109236 -0.0604835
1980:9:16:0 0.0454807 0.119868 -0.0400941 0.00559359
1980:10:16:0 0.187535 -0.143869 -0.0359351 0.277437
1980:11:16:0 0.312397 -0.122628 0.0692445 0.339089
1980:12:16:0 0.238161 -0.263242 0.177577 0.280994
1981:1:16:0 0.021466 -0.667586 -0.0184219 0.36447
1981:2:16:0 -0.125559 -0.436628 0.0320434 0.0767334
1981:3:16:0 0.107416 -0.116351 0.0158953 0.157643
1981:4:16:0 -0.12457 -0.186117 0.220318 -0.14167
1981:5:16:0 -0.0936138 -0.113535 0.48912 -0.281406
1981:6:16:0 -0.222255 0.0214557 0.444513 -0.45524
1981:7:16:0 -0.294043 -0.184473 0.620616 -0.512115
1981:8:16:0 -0.188562 -0.306976 0.405563 -0.237855
1981:9:16:0 0.0274839 -0.0287528 0.308798 -0.112538
1981:10:16:0 0.0540665 0.0657383 0.220042 -0.0888238
1981:11:16:0 0.0720513 -0.043857 0.283639 -0.0478399
1981:12:16:0 0.168897 0.269866 -0.0275442 0.0477364
1982:1:16:0 0.100644 0.308856 0.169388 -0.138478
1982:2:16:0 0.0302522 0.121743 0.0875984 -0.0744182
1982:3:16:0 0.259983 -0.204274 0.114384 0.304928
1982:4:16:0 0.456609 -0.0211156 -0.0299362 0.482135
1982:5:16:0 0.572002 0.391482 -0.104541 0.428532
1982:6:16:0 0.70844 0.418962 -0.181734 0.589826
1982:7:16:0 0.44269 0.561041 -0.339069 0.331704
1982:8:16:0 0.412573 0.978479 -0.463788 0.155228
1982:9:16:0 0.548807 1.72533 -0.514463 -0.0566269
1982:10:16:0 0.94027 1.98855 -0.443758 0.167875
1982:11:16:0 0.712517 2.45422 -0.422007 -0.303587
1982:12:16:0 0.667636 2.70418 -0.121843 -0.623531
1983:1:16:0 0.765912 2.50256 -0.0437316 -0.463505
1983:2:16:0 0.678573 2.08985 0.0199839 -0.376343
1983:3:16:0 0.508236 2.12158 0.00202829 -0.553567
1983:4:16:0 0.260862 2.47511 0.0120624 -0.982725
1983:5:16:0 0.321317 2.90416 -0.122423 -1.06955
1983:6:16:0 0.205628 3.14964 0.13047 -1.43443
1983:7:16:0 -0.0306363 2.8304 0.158517 -1.5251
1983:8:16:0 -0.102084 2.24922 0.134367 -1.29388
1983:9:16:0 -0.276683 1.46873 0.336131 -1.17911
1983:10:16:0 -0.431709 0.893603 0.336602 -1.04681
1983:11:16:0 -0.47047 0.56605 0.296361 -0.901675
1983:12:16:0 -0.278273 0.524404 0.132724 -0.606837
1984:1:16:0 -0.230138 0.182614 0.34097 -0.49193
1984:2:16:0 -0.253873 -0.0383989 0.376144 -0.422745
1984:3:16:0 -0.365983 0.0738721 0.291559 -0.548698
1984:4:16:0 -0.471417 0.0942322 0.341096 -0.689081
1984:5:16:0 -0.466612 -0.366026 0.268429 -0.417813
1984:6:16:0 -0.391093 -0.461039 0.0522867 -0.186717
1984:7:16:0 -0.193896 -0.168909 0.0573527 -0.138117
1984:8:16:0 -0.257824 -0.118929 0.212396 -0.304558
1984:9:16:0 -0.0170932 -0.017607 0.374426 -0.195503
1984:10:16:0 -0.410017 -0.249381 0.197274 -0.383964
1984:11:16:0 -0.637762 -0.0864801 0.167803 -0.678423
1984:12:16:0 -0.825704 -0.240773 0.12439 -0.767513
1985:1:16:0 -0.394376 -0.41275 0.0334628 -0.204733
1985:2:16:0 -0.448967 -0.541381 0.1494 -0.252977
1985:3:16:0 -0.564191 -0.29455 0.270125 -0.551978
1985:4:16:0 -0.561587 -0.57457 0.269079 -0.408841
1985:5:16:0 -0.462081 -0.783517 0.204099 -0.172372
1985:6:16:0 -0.423299 -0.7171 0.0545972 -0.0920469
1985:7:16:0 -0.147088 -0.634433 -0.0598995 0.200079
1985:8:16:0 -0.0890494 -0.646668 -0.0429246 0.255747
1985:9:16:0 -0.0421496 -0.530704 0.0138721 0.216266
1985:10:16:0 -0.0693278 -0.495735 0.116232 0.120423
1985:11:16:0 0.0519852 -0.548803 0.416963 0.117905
1985:12:16:0 0.0767864 -0.370555 0.519264 0.00243156
1986:1:16:0 -0.176534 -0.303748 0.246543 -0.147931
1986:2:16:0 -0.0900326 -0.0247766 0.0933959 -0.124342
1986:3:16:0 -0.0857374 -0.249072 0.160285 -0.041344
1986:4:16:0 -0.0510294 -0.338251 0.150118 0.0430372
1986:5:16:0 -0.0385967 -0.434336 0.375402 -0.00912944
1986:6:16:0 0.223212 -0.410504 0.292324 0.282302
1986:7:16:0 0.323004 -0.0545047 0.3651 0.167707
1986:8:16:0 0.446663 0.0473822 0.289506 0.278219
1986:9:16:0 0.655796 0.0807187 0.16306 0.533906
1986:10:16:0 0.697451 0.436065 0.274118 0.342359
1986:11:16:0 0.778813 0.529157 0.188109 0.420181
1986:12:16:0 0.672186 0.63925 0.0294547 0.337834
1987:1:16:0 0.676195 0.684186 0.000918457 0.333643
1987:2:16:0 0.716816 0.837048 -0.248661 0.422623
1987:3:16:0 0.786194 0.950223 -0.00711953 0.314642
1987:4:16:0 0.505376 1.04979 0.131218 -0.0851266
1987:5:16:0 0.580392 1.16338 0.179894 -0.0912455
1987:6:16:0 0.791483 0.820589 0.232224 0.265076
1987:7:16:0 0.839666 1.2268 0.0787882 0.186871
1987:8:16:0 0.845528 1.19738 0.112658 0.190509
1987:9:16:0 0.965329 1.4122 0.083939 0.21726
1987:10:16:0 1.01858 1.33962 0.230921 0.233307
1987:11:16:0 1.02853 1.05973 0.283558 0.356885
1987:12:16:0 0.909048 1.09786 0.220815 0.249709
1988:1:16:0 0.757817 0.46226 0.397618 0.327878
1988:2:16:0 0.545276 0.0948079 0.473753 0.260995
1988:3:16:0 0.435158 0.0612306 0.716338 0.0463739
1988:4:16:0 -0.00949735 -0.297563 0.634292 -0.177862
1988:5:16:0 -0.280269 -0.482743 0.566526 -0.32216
1988:6:16:0 -0.389212 -1.11173 0.54871 -0.1077
1988:7:16:0 -0.516589 -0.986546 0.596572 -0.321602
1988:8:16:0 -0.494719 -0.901864 0.753719 -0.420646
1988:9:16:0 -0.543705 -0.843033 0.804614 -0.524495
1988:10:16:0 -1.05322 -0.791159 0.757414 -1.03635
1988:11:16:0 -1.13307 -0.570855 0.641487 -1.16839
1988:12:16:0 -1.04599 -0.68613 0.450867 -0.92836
1989:1:16:0 -1.16803 -0.306685 0.55166 -1.29051
1989:2:16:0 -1.00387 0.0457905 0.497833 -1.27568
1989:3:16:0 -0.874299 -0.287096 0.47674 -0.969121
1989:4:16:0 -0.690895 -0.243447 0.481176 -0.809759
1989:5:16:0 -0.493176 -0.64019 0.392816 -0.369489
1989:6:16:0 -0.493056 -0.376597 0.426869 -0.518192
1989:7:16:0 -0.261213 -0.118808 0.575982 -0.4898
1989:8:16:0 -0.284366 -0.213646 0.62301 -0.489049
1989:9:16:0 -0.0586412 -0.185402 0.499799 -0.21584
1989:10:16:0 -0.0720334 -0.162766 0.483234 -0.232268
1989:11:16:0 0.0161633 -0.201465 0.281001 -0.0236049
1989:12:16:0 0.173541 -0.108731 0.158278 0.148768
1990:1:16:0 0.253581 -0.0940493 0.130815 0.235197
1990:2:16:0 0.298602 0.140931 0.272218 0.0920272
1990:3:16:0 0.327746 -0.0765826 0.165202 0.283436
1990:4:16:0 0.258757 0.0356644 0.248638 0.116606
1990:5:16:0 0.310583 0.0395482 0.341068 0.120275
1990:6:16:0 0.220801 0.0571244 0.254542 0.0649675
1990:7:16:0 0.41212 -0.27159 0.34246 0.376686
1990:8:16:0 0.488895 -0.166693 0.380464 0.38201
1990:9:16:0 0.461843 -0.0081148 0.0453497 0.443225
1990:10:16:0 0.604862 -0.280879 0.152848 0.668877
1990:11:16:0 0.529278 -0.258614 0.0196394 0.648765
1990:12:16:0 0.664464 -0.113761 -0.0569771 0.749833
1991:1:16:0 0.711671 -0.00414261 -0.0304788 0.728981
1991:2:16:0 0.552638 -0.0349478 -0.0351208 0.587672
1991:3:16:0 0.466128 0.0648968 -0.0805699 0.473964
1991:4:16:0 0.630306 -0.258947 0.00583307 0.756863
1991:5:16:0 0.642128 0.246652 -0.086856 0.56223
1991:6:16:0 0.699459 0.400134 0.0226384 0.488073
1991:7:16:0 0.654876 0.68324 0.0820956 0.272208
1991:8:16:0 0.648083 0.162026 0.034259 0.549941
1991:9:16:0 0.519435 0.151721 -0.072089 0.479619
1991:10:16:0 0.852016 0.445569 -0.253589 0.756026
1991:11:16:0 0.847233 0.644374 -0.10554 0.577816
1991:12:16:0 0.898849 0.596864 -0.142518 0.671676
1992:1:16:0 0.682476 0.614156 -0.04955 0.400173
1992:2:16:0 0.678681 0.566824 -0.0271878 0.408863
1992:3:16:0 0.660835 0.798614 -0.00222351 0.26264
1992:4:16:0 0.660412 1.23417 0.106977 -0.01016
1992:5:16:0 0.704254 1.41189 0.100315 -0.0518496
1992:6:16:0 0.56643 0.628976 0.168457 0.167713
1992:7:16:0 0.631075 0.194999 -0.0140572 0.540603
1992:8:16:0 0.411783 0.0587558 0.192637 0.286087
1992:9:16:0 0.431364 -0.122517 0.264366 0.36044
1992:10:16:0 0.332859 0.0357149 0.199538 0.215232
1992:11:16:0 0.319451 0.0522121 -0.0682313 0.327461
1992:12:16:0 0.371419 -0.023995 -0.0617984 0.414316
1993:1:16:0 0.520025 0.174308 -0.0766812 0.471212
1993:2:16:0 0.475288 0.510178 -0.0936536 0.267026
1993:3:16:0 0.410067 0.556123 0.0444206 0.109796
1993:4:16:0 0.530414 0.906515 -0.166601 0.160457
1993:5:16:0 0.557011 1.08596 -0.165829 0.0969466
1993:6:16:0 0.537027 0.752019 0.0737433 0.124146
1993:7:16:0 0.530315 0.446999 0.0403209 0.286655
1993:8:16:0 0.490397 0.365822 0.0299612 0.292506
1993:9:16:0 0.57103 0.329697 -0.0194095 0.415886
1993:10:16:0 0.555692 0.469932 -0.126452 0.383952
1993:11:16:0 0.572754 0.188469 0.21746 0.369789
1993:12:16:0 0.53173 0.160109 0.0919474 0.405701
1994:1:16:0 0.412517 0.292512 0.128621 0.201951
1994:2:16:0 0.241438 -0.0150042 0.276739 0.11057
1994:3:16:0 0.358545 -0.28372 0.307983 0.346413
1994:4:16:0 0.433328 -0.327611 0.289057 0.452605
1994:5:16:0 0.443126 -0.131819 0.223372 0.39735
1994:6:16:0 0.529812 -0.114549 0.174607 0.499783
1994:7:16:0 0.701009 -0.247216 0.0782301 0.785502
1994:8:16:0 0.884012 -0.354247 -0.0449384 1.0836
1994:9:16:0 0.763701 0.123689 -0.13773 0.770721
1994:10:16:0 0.935324 0.677092 -0.0309753 0.612265
1994:11:16:0 0.96609 0.673388 -0.0260418 0.642417
1994:12:16:0 0.885811 0.763471 -0.0424959 0.525323
1995:1:16:0 0.849806 0.810088 -0.0452478 0.467386
1995:2:16:0 0.799563 0.470999 0.0654543 0.531336
1995:3:16:0 0.783134 0.0161365 0.115273 0.717429
1995:4:16:0 0.627038 -0.295588 0.173473 0.688095
1995:5:16:0 0.552146 -0.327405 0.285522 0.573088
1995:6:16:0 0.596026 -0.0834254 0.428375 0.423551
1995:7:16:0 0.520061 0.169429 0.471609 0.199542
1995:8:16:0 0.38582 -0.110246 0.586401 0.147742
1995:9:16:0 0.259388 -0.104411 0.488419 0.067384
1995:10:16:0 0.0534799 -0.115145 0.505255 -0.141575
1995:11:16:0 0.0139576 0.0176476 0.539762 -0.264747
1995:12:16:0 0.0408515 -0.0940922 0.508797 -0.166501
1996:1:16:0 -0.0524372 -0.134337 0.407936 -0.189237
1996:2:16:0 -0.0591046 0.0545567 0.31817 -0.245468
1996:3:16:0 0.0171699 0.268407 0.36924 -0.301654
1996:4:16:0 0.0701273 -0.417247 0.486555 0.0354733
1996:5:16:0 -0.0267322 -0.232759 0.482489 -0.151597
1996:6:16:0 0.199989 -0.315487 0.475364 0.12005
1996:7:16:0 0.0856505 -0.175591 0.644737 -0.148923
1996:8:16:0 -0.00152398 0.0918012 0.560311 -0.32758
1996:9:16:0 0.0452694 -0.0126293 0.582591 -0.239712
1996:10:16:0 0.0988595 -0.197597 0.607421 -0.106053
1996:11:16:0 0.192013 -0.230482 0.486418 0.0640451
1996:12:16:0 0.155176 -0.492853 0.313696 0.244754
1997:1:16:0 0.225856 -0.24685 0.147236 0.275663
1997:2:16:0 0.19322 0.0455303 0.0562165 0.142347
1997:3:16:0 0.23256 0.651668 0.0299078 -0.108228
1997:4:16:0 0.515299 0.669415 0.161924 0.0996293
1997:5:16:0 0.672034 1.47929 0.101834 -0.118528
1997:6:16:0 0.598743 2.18463 0.153815 -0.570481
1997:7:16:0 0.806827 2.60995 -0.0142748 -0.491009
1997:8:16:0 0.907801 3.02947 -0.182777 -0.515544
1997:9:16:0 1.02609 3.09041 -0.11888 -0.459671
1997:10:16:0 1.02595 3.22196 0.156483 -0.663268
1997:11:16:0 1.08569 3.23766 0.0633332 -0.564806
1997:12:16:0 0.854615 3.36762 0.284503 -0.971448
1998:1:16:0 0.974028 2.85706 0.0732014 -0.491103
1998:2:16:0 0.803511 2.41071 0.23594 -0.519815
1998:3:16:0 0.582782 2.32467 0.337388 -0.748249
1998:4:16:0 0.293306 2.19538 0.318357 -0.96356
1998:5:16:0 0.272792 2.18764 0.388531 -1.01529
1998:6:16:0 -0.0140652 1.50952 0.591499 -1.06458
1998:7:16:0 -0.122309 1.17284 0.947406 -1.18243
1998:8:16:0 -0.255932 1.00478 1.06184 -1.28924
1998:9:16:0 -0.284046 0.533525 1.04416 -1.07289
1998:10:16:0 -0.53752 0.335955 0.937444 -1.17422
1998:11:16:0 -0.622362 0.259391 0.851035 -1.17758
1998:12:16:0 -0.78738 0.215721 0.60298 -1.19673
1999:1:16:0 -0.927955 0.0792316 0.655451 -1.2953
1999:2:16:0 -1.00755 0.254516 0.641508 -1.45556
1999:3:16:0 -0.679118 0.394723 0.67554 -1.21425
1999:4:16:0 -0.550449 -0.249498 0.564969 -0.708185
1999:5:16:0 -0.539155 -0.104273 0.410355 -0.692196
1999:6:16:0 -0.479827 -0.217231 0.377611 -0.560017
1999:7:16:0 -0.460991 -0.237129 0.413812 -0.549332
1999:8:16:0 -0.552571 -0.160435 0.231303 -0.588005
1999:9:16:0 -0.424456 -0.50356 0.450177 -0.397765
1999:10:16:0 -0.480882 -0.5212 0.538988 -0.489776
1999:11:16:0 -0.71899 -0.743448 0.4667 -0.580616
1999:12:16:0 -0.849191 -0.668865 0.544056 -0.786787
2000:1:16:0 -0.937318 -0.655138 0.607921 -0.91371
2000:2:16:0 -1.05442 -0.1864 0.543644 -1.23304
2000:3:16:0 -0.939613 -0.0878456 0.484842 -1.13811
2000:4:16:0 -0.723933 0.400776 0.488097 -1.16837
2000:5:16:0 -0.627832 0.00169106 0.405504 -0.83143
2000:6:16:0 -0.395055 -0.453348 0.257516 -0.297139
2000:7:16:0 -0.26506 -0.357364 0.111951 -0.142354
2000:8:16:0 -0.156238 -0.230655 0.359401 -0.220611
2000:9:16:0 -0.107768 -0.104556 0.418983 -0.264982
2000:10:16:0 -0.212336 -0.167269 0.406478 -0.331941
2000:11:16:0 -0.236075 -0.283999 0.51018 -0.349166
2000:12:16:0 -0.468866 -0.0876386 0.476506 -0.663299
2001:1:16:0 -0.500332 -0.275411 0.684446 -0.704849
2001:2:16:0 -0.526996 0.061244 0.564712 -0.839974
2001:3:16:0 -0.403542 0.524727 0.625285 -0.978548
2001:4:16:0 -0.174228 0.517283 0.593559 -0.729648
2001:5:16:0 -0.0527512 -0.0664496 0.425009 -0.232031
2001:6:16:0 0.119969 -0.240528 0.559196 -0.0393651
2001:7:16:0 0.321993 -0.125113 0.326022 0.221539
2001:8:16:0 0.334063 -0.210197 0.386216 0.246053
2001:9:16:0 0.391398 -0.604933 0.446982 0.470373
2001:10:16:0 0.297486 -0.449836 0.557908 0.243449
2001:11:16:0 0.285128 -0.478026 0.573044 0.237619
2001:12:16:0 0.100718 -0.387816 0.410936 0.0891582
2002:1:16:0 0.32111 -0.458142 0.409279 0.345542
2002:2:16:0 0.258914 -0.109943 0.400379 0.113696
2002:3:16:0 0.32997 0.597978 0.401097 -0.169567
2002:4:16:0 0.44359 0.346133 0.497084 0.0219816
2002:5:16:0 0.467923 0.418517 0.364748 0.0762908
2002:6:16:0 0.718276 0.0459822 0.351124 0.519723
2002:7:16:0 0.7035 0.112695 0.180724 0.55679
2002:8:16:0 0.716618 0.0952879 0.0786657 0.629642
2002:9:16:0 0.746655 0.282624 0.0628271 0.573929
2002:10:16:0 0.894861 0.645067 0.307473 0.418591
2002:11:16:0 0.949402 0.822304 0.349586 0.363457
2002:12:16:0 0.851568 0.816553 0.29162 0.297481
2003:1:16:0 0.791263 0.347583 0.260663 0.48714
2003:2:16:0 0.641112 0.118811 0.227866 0.467773
2003:3:16:0 0.655912 -0.0681966 0.200507 0.589757
2003:4:16:0 0.460663 -0.337957 0.439626 0.409828
2003:5:16:0 0.163882 -0.696707 0.453229 0.285621
2003:6:16:0 0.303941 -0.364419 0.340235 0.316033
2003:7:16:0 0.389634 0.0178262 0.493704 0.133869
2003:8:16:0 0.394935 0.378899 0.385209 0.0128808
2003:9:16:0 0.470909 0.0118826 0.422941 0.253497
2003:10:16:0 0.633456 0.35128 0.513566 0.201034
2003:11:16:0 0.578599 0.483812 0.409086 0.13215
2003:12:16:0 0.45635 0.574713 0.248891 0.0445485
2004:1:16:0 0.484428 0.414071 0.311404 0.12169
2004:2:16:0 0.365214 0.280469 0.492674 -0.0213574
2004:3:16:0 0.18297 0.195826 0.53622 -0.183053
2004:4:16:0 0.263281 0.154175 0.40265 -0.0151311
2004:5:16:0 0.339632 -0.321744 0.346935 0.327037
2004:6:16:0 0.395982 -0.268416 0.144922 0.457729
2004:7:16:0 0.578334 -0.210159 0.18555 0.590638
2004:8:16:0 0.670927 -0.0647227 0.00819488 0.699191
2004:9:16:0 0.817693 0.1417 0.0934635 0.700111
2004:10:16:0 0.836438 0.31711 -0.00875632 0.682261
2004:11:16:0 0.771307 0.519924 0.0995932 0.461549
2004:12:16:0 0.795746 0.559304 0.299146 0.366521
2005:1:16:0 0.857043 0.28236 0.293658 0.569035
2005:2:16:0 0.548518 -0.15348 0.211779 0.519368
2005:3:16:0 0.501776 -0.343342 0.344629 0.501132
2005:4:16:0 0.420437 0.094119 0.166671 0.290043
2005:5:16:0 0.362931 0.345226 0.241702 0.0694672
2005:6:16:0 0.351776 0.169789 0.288267 0.122748
2005:7:16:0 0.239959 0.320104 0.46888 -0.154533
2005:8:16:0 0.199757 0.206086 0.360587 -0.0835795
2005:9:16:0 0.263091 -0.259851 0.292184 0.246924
2005:10:16:0 0.255004 -0.481591 0.504606 0.243497
2005:11:16:0 0.111993 -0.974942 0.0874479 0.555741
2005:12:16:0 -0.0892889 -0.852805 -0.175838 0.425032
2006:1:16:0 -0.292492 -0.26651 0.318934 -0.318704
2006:2:16:0 -0.434556 0.380841 0.49243 -0.871192
2006:3:16:0 -0.269846 0.0927354 0.397563 -0.514995
2006:4:16:0 -0.0430397 -0.131462 0.35662 -0.155619
2006:5:16:0 0.125621 0.00738515 0.398506 -0.0773248
2006:6:16:0 0.261162 -0.0163063 0.41222 0.0632055
2006:7:16:0 0.29955 0.232683 0.147511 0.109453
2006:8:16:0 0.536975 0.561154 0.00176816 0.255514
2006:9:16:0 0.709915 0.779261 0.260207 0.190181
2006:10:16:0 0.809607 1.00842 -0.087088 0.34894
2006:11:16:0 0.851582 0.922186 0.0835587 0.348709
2006:12:16:0 0.824027 0.855819 0.238438 0.276899
2007:1:16:0 0.593035 0.65781 0.306874 0.110693
2007:2:16:0 0.367782 0.341768 0.32955 0.0321232
2007:3:16:0 0.285522 -0.0596418 0.173326 0.228679
2007:4:16:0 0.250249 -0.260772 0.162077 0.299597
2007:5:16:0 0.0576125 -0.556056 0.27468 0.1983
2007:6:16:0 0.188974 -0.626211 0.533904 0.235127
2007:7:16:0 0.154584 -0.30146 0.451134 0.0797465
2007:8:16:0 0.0643675 -0.612405 0.369427 0.185856
2007:9:16:0 -0.189771 -0.866012 0.378694 0.053888
2007:10:16:0 -0.426801 -1.00755 0.376352 -0.1112
2007:11:16:0 -0.690752 -1.29774 0.364713 -0.224239
2007:12:16:0 -0.756955 -1.05391 0.47534 -0.467669
2008:1:16:0 -0.988746 -0.718467 0.52254 -0.890783
2008:2:16:0 -1.11043 -0.188829 0.58561 -1.30882
2008:3:16:0 -0.901515 0.152341 0.517381 -1.23638
2008:4:16:0 -0.678098 0.224223 0.460638 -1.02053
2008:5:16:0 -0.567153 0.167962 0.267239 -0.784753
2008:6:16:0 -0.42816 0.335063 0.154247 -0.672815
2008:7:16:0 -0.206906 0.549339 0.312239 -0.637694
2008:8:16:0 -0.123986 0.804404 0.457081 -0.754728
2008:9:16:0 -0.146947 0.41422 0.537697 -0.622905
2008:10:16:0 -0.135073 0.306792 0.562671 -0.569804
2008:11:16:0 -0.258385 0.0552604 0.626882 -0.599456
2008:12:16:0 -0.408289 0.00935409 0.763116 -0.794524
2009:1:16:0 -0.391636 0.0559625 0.610869 -0.725052
2009:2:16:0 -0.349504 0.0672208 0.599135 -0.682682
2009:3:16:0 -0.203979 -0.244439 0.582799 -0.373159
2009:4:16:0 0.0407306 0.355073 0.556404 -0.415008
2009:5:16:0 0.305609 0.544399 0.435398 -0.184289
2009:6:16:0 0.49049 0.77768 0.446276 -0.121489
2009:7:16:0 0.626105 0.911258 0.494869 -0.0769579
2009:8:16:0 0.721127 0.829332 0.393057 0.109933
2009:9:16:0 0.74863 0.606331 0.256955 0.316987
2009:10:16:0 0.99553 0.571597 0.233134 0.593165
2009:11:16:0 1.22345 0.569548 0.160677 0.858335
2009:12:16:0 1.2732 0.837862 0.153697 0.777416
2010:1:16:0 1.17714 0.521996 0.0721286 0.880081
2010:2:16:0 0.894052 0.271015 0.190959 0.663066
2010:3:16:0 0.826402 0.149529 0.378672 0.562301
2010:4:16:0 0.684073 0.573625 0.398229 0.198146
2010:5:16:0 0.290446 0.45583 0.555126 -0.215033
2010:6:16:0 0.0453026 -0.038664 0.729276 -0.300004
2010:7:16:0 -0.217646 -0.468891 0.838762 -0.402581
2010:8:16:0 -0.63119 -0.71019 0.758669 -0.655429
2010:9:16:0 -0.800083 -0.813259 0.764219 -0.775563
2010:10:16:0 -0.942769 -1.07804 0.763601 -0.785549
2010:11:16:0 -0.995103 -0.981097 0.690742 -0.849926
2010:12:16:0 -0.964005 -0.800392 0.733944 -0.930781
2011:1:16:0 -1.01915 -0.577107 0.637376 -1.04928
2011:2:16:0 -0.84112 -0.00737979 0.582583 -1.12872
2011:3:16:0 -0.555802 -0.214047 0.397305 -0.647431
2011:4:16:0 -0.45663 0.0239921 0.320015 -0.628634
2011:5:16:0 -0.342338 0.146128 0.314048 -0.572426
2011:6:16:0 -0.239882 0.329551 0.196347 -0.502831
2011:7:16:0 -0.204162 0.237741 0.0880878 -0.367077
2011:8:16:0 -0.357452 -0.0900598 0.27537 -0.450107
2011:9:16:0 -0.379537 -0.524262 0.326676 -0.280744
2011:10:16:0 -0.447092 -0.515603 0.467672 -0.423127
2011:11:16:0 -0.531284 -0.441368 0.502822 -0.562012
2011:12:16:0 -0.689293 -0.250542 0.670335 -0.899189
2012:1:16:0 -0.638025 -0.206646 0.476976 -0.77319
2012:2:16:0 -0.491578 0.551214 0.499031 -1.0167
2012:3:16:0 -0.335257 0.34311 0.418591 -0.716108
2012:4:16:0 -0.15577 0.540802 0.313707 -0.583025
2012:5:16:0 -0.102687 0.47159 0.507766 -0.592365
2012:6:16:0 0.037933 0.911873 0.299951 -0.567979
2012:7:16:0 0.152297 1.01022 0.258734 -0.482179
2012:8:16:0 0.427607 0.628814 0.171371 0.0275151
2012:9:16:0 0.470661 0.407936 0.30228 0.115553
2012:10:16:0 0.492376 0.102388 0.218803 0.33178
2012:11:16:0 0.523668 0.0403782 0.410913 0.298023
2012:12:16:0 0.285154 -0.106116 0.45211 0.112157
2013:1:16:0 0.143987 -0.209941 0.317786 0.0900642
2013:2:16:0 -0.052049 0.0416471 0.41957 -0.282658
2013:3:16:0 -0.0261412 0.221769 0.540688 -0.407369
2013:4:16:0 0.125735 -0.255682 0.630434 -0.0616409
2013:5:16:0 0.146917 -0.608541 0.673172 0.114601
2013:6:16:0 0.121887 -0.806053 0.586118 0.231854
2013:7:16:0 0.161886 -0.613278 0.671268 0.132891
2013:8:16:0 0.237889 -0.462009 0.614377 0.161705
2013:9:16:0 0.24712 -0.298855 0.657341 0.067877
2013:10:16:0 0.219329 0.101798 0.442062 -0.0526004
2013:11:16:0 0.314088 -0.121798 0.385427 0.182274
2013:12:16:0 0.184658 0.0739783 0.582656 -0.143659
2014:1:16:0 0.0402475 0.231911 0.382657 -0.267037
2014:2:16:0 0.213728 -0.318122 0.268405 0.238587
2014:3:16:0 0.364352 -0.0444242 0.30543 0.233848
2014:4:16:0 0.40671 0.0764489 0.426877 0.155047
2014:5:16:0 0.481727 0.599457 0.438033 -0.0370177
2014:6:16:0 0.548569 0.944237 0.634335 -0.240717
2014:7:16:0 0.463907 0.934844 0.490796 -0.248913
2014:8:16:0 0.500212 0.726137 0.457239 -0.091476
2014:9:16:0 0.623292 0.333853 0.402757 0.254987
2014:10:16:0 0.668446 0.577937 0.240026 0.259465
2014:11:16:0 0.856338 0.742758 0.29194 0.338989
2014:12:16:0 0.741761 0.557491 0.381638 0.272197
2015:1:16:0 0.778979 0.238937 0.362965 0.478028
2015:2:16:0 0.814348 -0.0944361 0.263727 0.729703
2015:3:16:0 0.73746 0.0551986 0.251704 0.584009
2015:4:16:0 0.95439 0.599515 0.218659 0.545303
2015:5:16:0 0.908259 1.10038 0.307314 0.204414
2015:6:16:0 1.04674 1.5439 0.302049 0.123762
2015:7:16:0 1.1458 1.85528 0.0464743 0.194924
2015:8:16:0 1.23822 1.78352 -0.0389346 0.365929
2015:9:16:0 1.32144 2.0755 0.232544 0.167414
2015:10:16:0 1.29009 2.05069 0.0660525 0.231715
2015:11:16:0 1.56788 1.91173 0.174514 0.52476
2015:12:16:0 1.43639 1.97271 0.186489 0.356789
2016:1:16:0 1.35352 1.94481 0.354259 0.203986
2016:2:16:0 1.21356 1.29444 0.335706 0.398484
2016:3:16:0 1.10548 1.32849 0.525898 0.178285
2016:4:16:0 0.942057 0.767776 0.551442 0.282448
2016:5:16:0 0.737854 0.710587 0.695554 0.0347837
2016:6:16:0 0.650432 0.744983 0.867745 -0.155932
2016:7:16:0 0.49712 0.405889 0.900123 -0.155886
2016:8:16:0 0.312342 0.272757 0.901865 -0.274969
2016:9:16:0 0.221547 0.555137 0.958222 -0.535133
2016:10:16:0 0.0159017 0.301737 0.931534 -0.600734
2016:11:16:0 0.0535714 0.373871 0.809196 -0.537962
2016:12:16:0 0.139622 0.289735 0.707557 -0.359024
2017:1:16:0 0.184454 0.635575 0.755366 -0.511017
2017:2:16:0 0.225846 1.0829 0.52762 -0.579413
2017:3:16:0 0.176984 1.1155 0.597783 -0.679656
2017:4:16:0 0.356713 0.813851 0.532324 -0.316374
2017:5:16:0 0.432312 0.581164 0.633054 -0.174797
2017:6:16:0 0.508463 0.256265 0.638256 0.0612028
2017:7:16:0 0.518037 0.0907113 0.717022 0.11417
2017:8:16:0 0.429641 -0.119142 0.901831 0.0382957
2017:9:16:0 0.22775 -0.691003 0.734233 0.206135
2017:10:16:0 0.201715 -0.626783 0.709926 0.160144
2017:11:16:0 0.0750043 -0.811094 0.629946 0.165578
2017:12:16:0 -0.0764364 -0.862157 0.763696 -0.027206
2018:1:16:0 -0.0521839 -0.787217 0.727389 -0.0222698
2018:2:16:0 -0.016005 -0.294587 0.66328 -0.200351
2018:3:16:0 0.0399137 -0.634635 0.611383 0.0515398
2018:4:16:0 0.321164 -0.314767 0.494118 0.231489
2018:5:16:0 0.392089 -0.0872754 0.677078 0.0971875
2018:6:16:0 0.466499 -0.0245216 0.496229 0.230645
2018:7:16:0 0.539089 0.249822 0.296016 0.266171
2018:8:16:0 0.645658 -0.122609 0.293919 0.560003
2018:9:16:0 0.751657 0.148637 0.244018 0.555329
2018:10:16:0 0.957637 0.479751 0.386037 0.524743
2018:11:16:0 0.926522 0.709803 0.428872 0.357184