 https://www.cpc.ncep.noaa.gov/data/indices/rindo_slpa.for
Equatorial SOI

Indonesia SLP (Standardized Anomalies)

 1949      1.8  -0.5   0.2   1.0   0.3   0.6   0.3   0.1  -0.3  -0.4   0.1  -2.0
 1950     -1.2  -1.1  -0.9  -1.4  -0.6  -1.0   0.0   0.0  -0.1   0.0  -1.4  -0.2
 1951      0.4  -1.2   0.1   0.8   1.6   0.5   0.5   0.8   0.3   1.0   0.6   0.9
 1952      1.0  -0.5  -0.2   1.3   0.3   0.4   0.5  -0.3   0.1   0.0  -0.1   2.1
 1953      1.0   1.6   0.2   0.5   1.7   0.3   1.0   0.1   0.6   0.8   1.3   1.0
 1954     -1.6  -0.2  -0.5  -0.8  -1.5  -1.0  -1.4  -1.8  -1.4  -0.2   0.3  -1.6
 1955      1.0  -3.1  -1.0  -1.3  -1.6  -1.1  -0.9  -1.5  -1.7  -1.4  -1.7  -0.8
 1956     -2.4  -2.1  -1.1  -2.1  -1.7  -1.0  -1.1  -1.8  -1.8  -0.9  -0.3  -1.0
 1957     -1.0  -0.5  -0.1   0.1   0.0  -0.7  -1.8  -1.8  -0.8  -0.1   0.7  -0.9
 1958      1.4   1.2  -0.3  -0.6  -1.2  -1.5  -1.4  -2.2  -1.6  -1.4  -0.6   0.1
 1959      0.5   0.4  -0.6  -0.8  -1.8  -0.6  -0.7  -1.7  -1.7  -0.6  -1.5  -1.2
 1960     -0.8  -0.9  -1.1  -1.5  -1.5  -1.1  -1.5  -1.8  -2.0  -0.7  -0.3  -0.6
 1961     -0.4  -2.7   0.1  -1.8  -1.5  -1.1  -1.0  -1.3  -1.2  -1.0  -0.5  -2.1
 1962     -2.5  -0.5  -1.4  -1.0  -1.8  -1.1  -1.9  -0.5  -1.8  -1.5  -0.8  -0.5
 1963     -1.6   0.0  -1.1  -1.0  -1.8   0.0  -1.0  -1.3  -0.6   0.4   0.1   0.4
 1964     -0.2  -1.4  -0.7  -1.9  -1.9  -1.5  -1.6  -2.0  -2.8  -1.8  -1.7  -0.8
 1965     -0.5  -2.6  -0.8  -0.4  -1.2   0.4  -0.4  -0.8  -0.6  -0.3   0.4  -1.5
 1966      1.0  -0.5  -1.2  -0.9   0.1   0.7  -1.3  -0.9  -0.6  -0.5  -0.8  -1.9
 1967     -1.0  -1.2  -0.7   0.2  -0.7  -1.1  -1.1  -0.5  -0.1   0.1  -0.2   0.7
 1968     -1.3   0.4  -1.2   0.4  -0.6  -0.1  -0.4  -0.4  -0.5   0.1   1.4  -0.8
 1969     -1.0   0.0   0.3   0.7  -0.7  -0.1   0.1   0.2  -1.1  -0.2   0.2   0.3
 1970      0.9   0.5  -1.0   0.2  -0.9  -0.5   0.1  -1.4  -2.1  -1.9  -0.9  -1.6
 1971     -1.4  -2.5  -0.9  -1.1  -1.2  -0.2  -1.2  -1.0  -1.6  -0.6   0.1  -1.2
 1972     -0.5  -1.7  -0.3   0.5   0.3  -0.8  -0.6   0.0  -0.3   0.7   0.2   1.5
 1973      0.5   1.0  -0.2  -0.9  -0.3  -1.1  -1.4  -1.3  -0.5  -2.1  -1.2  -1.1
 1974     -2.0  -2.0  -0.7  -1.0  -0.6  -0.7  -0.4  -1.3  -1.2  -1.6  -1.2  -1.0
 1975     -0.3  -0.3  -0.8  -1.6  -0.9  -0.8  -0.6  -1.9  -1.5  -1.5  -0.4  -1.6
 1976     -0.8  -0.7  -1.3   0.4   0.5  -0.1   0.4   0.4   0.6   0.0  -0.5  -0.3
 1977     -0.4  -0.1   1.2   0.1   0.4  -0.2  -1.4  -0.1   0.0   1.1   1.0   1.3
 1978      0.9   2.3   0.0   0.6  -1.6  -0.7  -1.3  -0.9  -0.6  -0.7   0.8   0.5
 1979      1.1   0.1   0.0  -0.1   0.5   0.0   1.4   0.0  -0.1   0.9  -0.3   1.4
 1980     -0.4   0.4   0.8  -0.1   0.3   0.4   0.4   0.8   0.3   0.4   0.1  -0.5
 1981      0.7   0.4   1.6   0.8  -0.4   0.3  -0.6  -0.1  -0.5   0.0  -0.2   1.0
 1982      0.4   0.2   0.0   0.7   0.7   1.2   0.6   0.9   1.6   1.0   0.9   1.0
 1983      2.4   2.7   2.2   0.8   0.8   0.5   0.1   0.5  -0.1  -0.4   1.5   0.8
 1984     -0.7  -1.9   0.0  -0.4  -0.3  -0.4  -0.7  -0.7  -0.2   0.7   0.5  -1.5
 1985      0.4  -3.5  -0.5  -1.6  -1.4   0.1   0.6  -0.3  -0.3   0.2   0.3   0.2
 1986     -0.9   0.5  -0.5  -0.1   0.4  -0.9   0.7  -0.9   0.5   1.3   1.0   1.6
 1987      1.2   2.2   1.6   1.6   1.6   0.6   1.6   0.8   1.0   0.8   0.6   1.2
 1988     -0.3  -0.1  -1.5   0.2  -0.2   0.4  -0.2  -0.2  -1.5  -1.2  -0.5   0.3
 1989     -2.0  -0.3  -0.9  -0.9  -0.7   0.7  -0.4  -0.6  -0.4  -0.1   0.6   1.1
 1990     -0.2   1.6   1.4  -0.4  -0.9  -0.2   0.3   0.0   0.1   0.2   0.5   0.5
 1991      0.1   0.7   0.4  -0.1   0.3   0.2   0.2   0.3   1.2  -0.2   1.5   0.9
 1992      2.9   1.5   1.7   0.8   0.0  -0.9   0.8   0.1  -0.4  -0.2   0.9   1.5
 1993      0.7   1.4   1.2   1.0   0.6   0.6   0.1   1.6   1.0   1.3  -0.4  -0.4
 1994     -0.5  -0.9   0.6   0.0   0.6  -0.3   0.0   0.7   1.1   1.1   0.6   1.2
 1995      0.8   0.6   0.0  -0.2   0.1  -0.4  -0.8  -0.5   0.2  -1.1  -0.3   0.6
 1996     -1.0  -1.1  -1.1  -0.6   0.7  -0.1  -0.6  -0.1  -1.9  -0.7  -0.8  -0.8
 1997      0.5  -1.2   1.5   1.6   0.9   1.5   0.9   1.8   2.4   2.7   2.6   1.6
 1998      1.9   3.0   1.7   1.4   0.1   0.1  -0.2   0.1  -0.4  -0.7  -0.8  -0.7
 1999     -2.6  -0.3  -3.2  -1.1   0.0   0.2  -0.5   0.4  -0.5  -0.8  -0.8  -1.4
 2000     -1.5  -1.8  -1.6  -1.1  -0.4  -0.4  -1.1  -0.8  -0.5  -1.5  -2.0  -1.7
 2001     -1.6  -2.5  -0.9  -0.6  -0.1  -0.7  -0.6  -0.6  -0.6  -0.7  -0.4   0.9
 2002      0.1   1.1  -0.4  -0.8   0.1  -0.1   0.6   0.2   1.0   0.0   0.1   0.9
 2003      1.1  -0.2   0.3  -0.1  -0.3   0.1   0.2   0.0   0.3   0.1  -0.1   0.0
 2004      0.1  -0.2  -0.8   0.1  -0.2   1.1   0.1   0.4   0.4   0.7   0.2  -0.2
 2005      0.0   1.2   0.9   1.1   0.1  -0.6   0.2   0.0  -0.2  -0.2  -0.3  -1.0
 2006     -1.1  -0.6  -1.2  -0.6   0.4  -0.1   0.5   0.0   0.3   1.1  -0.1  -0.6
 2007      0.2  -0.1  -0.6   0.1   0.2  -2.1  -0.4  -0.5  -1.2  -1.0  -1.2  -2.1
 2008     -1.3  -1.3  -1.3  -1.3  -0.1   0.0  -0.3  -0.6  -0.6  -0.4  -1.3  -1.4
 2009     -0.5  -1.8  -0.7  -0.7  -1.2   0.0  -0.4  -0.8  -0.9  -0.1  -1.2  -0.1
 2010      0.4   0.7   0.4   0.4  -1.6  -0.2  -0.7  -1.0  -1.4  -1.9  -1.5  -3.3
 2011     -2.6  -2.1  -2.0  -0.8  -0.4  -0.9  -1.0  -0.8  -0.4  -1.1  -1.5  -2.1
 2012     -1.6  -2.1  -1.7   0.0  -0.9  -0.5  -1.1   0.0  -0.3  -0.7  -0.5  -1.6
 2013     -0.5  -1.5  -0.3  -0.8  -0.5  -2.0  -1.3  -0.6  -1.0  -0.2  -1.2  -1.4
 2014     -0.2  -1.0   0.1   0.0   0.0  -1.3  -0.2   0.3   0.1  -0.2  -0.2  -0.7
 2015      0.6   0.6   1.5   0.4   1.1   0.2   0.7   0.7   0.7   1.6   0.0   1.1
 2016      1.6   1.1   1.3   0.5   0.0   0.6  -0.4  -1.0  -0.8  -1.0  -0.8  -1.2
 2017     -1.2  -0.1  -0.2   0.6  -0.1   0.5   0.5  -0.5  -0.1  -1.2  -2.3  -1.1
 2018     -2.3  -0.1  -1.1  -0.6  -0.1   0.4  -0.7  -0.4  -0.2   0.5   0.6  -0.5
 2019      0.3   1.9   0.7   0.1   0.7  -0.2   0.3   0.0   1.0  -0.2   0.0   0.0
 2020      0.0   0.8   0.3   0.9   0.0 999.9 999.9 999.9 999.9 999.9 999.9 999.9
